61.0
102.0
18.0
87.0
83.0
45.0
8.0
29.0
94.0
102.0
45.0
51.0
85.0
40.0
98.0
78.0
80.0
55.0
65.0
91.0
37.0
87.0
62.0
95.0
10.0
55.0
81.0
27.0
69.0
20.0
7.0
126.0
130.0
75.0
23.0
64.0
12.0
82.0
116.0
16.0
95.0
119.0
48.0
40.0
50.0
18.0
50.0
78.0
89.0
57.0
6.0
21.0
107.0
89.0
90.0
52.0
54.0
64.0
74.0
48.0
66.0
44.0
88.0
51.0
105.0
24.0
105.0
9.0
84.0
6.0
76.0
49.0
30.0
42.0
36.0
118.0
95.0
58.0
13.0
96.0
11.0
31.0
100.0
109.0
111.0
69.0
81.0
89.0
80.0
87.0
94.0
42.0
62.0
78.0
119.0
99.0
97.0
72.0
120.0
99.0
22.0
68.0
17.0
99.0
106.0
57.0
93.0
69.0
20.0
59.0
30.0
6.0
73.0
12.0
17.0
28.0
21.0
43.0
97.0
97.0
101.0
15.0
33.0
88.0
48.0
60.0
130.0
55.0
43.0
77.0
52.0
100.0
52.0
102.0
49.0
53.0
10.0
18.0
89.0
30.0
54.0
120.0
68.0
94.0
17.0
48.0
102.0
64.0
38.0
98.0
69.0
92.0
21.0
138.0
31.0
58.0
49.0
74.0
15.0
101.0
43.0
94.0
60.0
43.0
45.0
92.0
15.0
56.0
71.0
88.0
70.0
105.0
52.0
80.0
79.0
80.0
100.0
102.0
90.0
20.0
100.0
23.0
40.0
115.0
97.0
92.0
12.0
91.0
50.0
101.0
87.0
97.0
97.0
53.0
59.0
129.0
63.0
36.0
115.0
100.0
36.0
44.0
18.0
41.0
80.0
135.0
32.0
38.0
123.0
45.0
72.0
78.0
17.0
92.0
70.0
18.0
29.0
93.0
38.0
66.0
111.0
22.0
58.0
83.0
43.0
66.0
94.0
30.0
80.0
93.0
94.0
95.0
132.0
55.0
87.0
16.0
68.0
76.0
53.0
64.0
137.0
63.0
34.0
53.0
86.0
54.0
99.0
13.0
88.0
46.0
86.0
79.0
73.0
53.0
42.0
93.0
15.0
89.0
15.0
51.0
12.0
55.0
12.0
81.0
93.0
90.0
68.0
87.0
71.0
54.0
14.0
24.0
94.0
111.0
65.0
32.0
77.0
70.0
94.0
55.0
39.0
57.0
49.0
96.0
48.0
55.0
79.0
109.0
89.0
132.0
115.0
58.0
61.0
41.0
114.0
13.0
87.0
56.0
55.0
25.0
50.0
87.0
29.0
107.0
63.0
110.0
83.0
110.0
67.0
31.0
62.0
91.0
95.0
56.0
15.0
48.0
41.0
55.0
54.0
61.0
50.0
84.0
75.0
93.0
90.0
19.0
12.0
104.0
58.0
45.0
95.0
94.0
39.0
111.0
85.0
88.0
87.0
29.0
88.0
106.0
63.0
26.0
87.0
41.0
82.0
94.0
95.0
85.0
85.0
24.0
10.0
64.0
51.0
78.0
57.0
39.0
91.0
84.0
52.0
11.0
60.0
44.0
81.0
23.0
86.0
69.0
37.0
74.0
51.0
15.0
99.0
54.0
89.0
58.0
70.0
52.0
97.0
36.0
88.0
91.0
55.0
79.0
53.0
60.0
80.0
78.0
57.0
49.0
81.0
103.0
34.0
21.0
79.0
18.0
125.0
25.0
96.0
119.0
117.0
73.0
53.0
86.0
53.0
74.0
80.0
88.0
16.0
70.0
91.0
97.0
87.0
134.0
91.0
73.0
86.0
46.0
88.0
107.0
70.0
102.0
70.0
88.0
97.0
43.0
41.0
112.0
6.0
24.0
11.0
56.0
55.0
46.0
31.0
72.0
91.0
47.0
42.0
131.0
88.0
63.0
68.0
105.0
45.0
46.0
90.0
76.0
56.0
47.0
89.0
50.0
96.0
94.0
86.0
110.0
94.0
102.0
59.0
18.0
109.0
51.0
87.0
97.0
57.0
91.0
51.0
38.0
62.0
43.0
57.0
47.0
80.0
55.0
19.0
58.0
90.0
37.0
107.0
16.0
97.0
52.0
62.0
123.0
34.0
13.0
72.0
109.0
52.0
120.0
80.0
63.0
94.0
86.0
65.0
46.0
100.0
81.0
129.0
58.0
88.0
65.0
102.0
93.0
19.0
76.0
59.0
18.0
8.0
98.0
83.0
103.0
42.0
84.0
20.0
98.0
49.0
59.0
62.0
9.0
93.0
55.0
19.0
54.0
20.0
26.0
90.0
12.0
52.0
55.0
111.0
93.0
42.0
42.0
96.0
89.0
127.0
19.0
71.0
77.0
133.0
42.0
99.0
52.0
97.0
43.0
49.0
70.0
86.0
91.0
50.0
14.0
88.0
28.0
35.0
8.0
101.0
39.0
44.0
80.0
41.0
107.0
8.0
57.0
72.0
64.0
41.0
86.0
42.0
63.0
60.0
101.0
102.0
22.0
51.0
92.0
54.0
24.0
78.0
5.0
51.0
65.0
125.0
50.0
53.0
95.0
42.0
30.0
83.0
31.0
112.0
86.0
52.0
92.0
108.0
116.0
80.0
26.0
89.0
89.0
42.0
119.0
44.0
19.0
46.0
45.0
89.0
24.0
45.0
47.0
88.0
17.0
55.0
91.0
76.0
52.0
56.0
34.0
33.0
41.0
9.0
95.0
108.0
89.0
11.0
95.0
52.0
118.0
83.0
27.0
16.0
34.0
50.0
83.0
93.0
48.0
97.0
85.0
79.0
56.0
59.0
65.0
94.0
27.0
56.0
87.0
19.0
8.0
17.0
42.0
45.0
53.0
52.0
91.0
22.0
115.0
65.0
47.0
67.0
53.0
49.0
43.0
22.0
70.0
107.0
6.0
58.0
82.0
107.0
17.0
69.0
118.0
64.0
109.0
59.0
87.0
13.0
50.0
126.0
118.0
57.0
56.0
54.0
51.0
129.0
92.0
37.0
33.0
106.0
60.0
91.0
79.0
88.0
16.0
78.0
65.0
69.0
73.0
93.0
68.0
133.0
114.0
13.0
67.0
53.0
38.0
65.0
22.0
55.0
80.0
102.0
88.0
122.0
51.0
55.0
91.0
41.0
59.0
91.0
63.0
101.0
51.0
58.0
80.0
93.0
93.0
100.0
48.0
97.0
73.0
8.0
128.0
63.0
81.0
25.0
54.0
45.0
38.0
111.0
115.0
95.0
53.0
92.0
98.0
105.0
40.0
95.0
26.0
52.0
112.0
45.0
31.0
64.0
91.0
109.0
94.0
115.0
53.0
41.0
83.0
53.0
19.0
72.0
93.0
42.0
92.0
44.0
56.0
62.0
91.0
115.0
98.0
75.0
45.0
44.0
21.0
105.0
11.0
76.0
11.0
74.0
115.0
88.0
53.0
120.0
73.0
63.0
62.0
19.0
120.0
69.0
49.0
75.0
81.0
42.0
22.0
61.0
112.0
87.0
13.0
92.0
72.0
54.0
53.0
16.0
84.0
67.0
44.0
97.0
102.0
88.0
64.0
23.0
67.0
80.0
52.0
7.0
45.0
93.0
50.0
68.0
80.0
60.0
79.0
75.0
91.0
111.0
82.0
52.0
128.0
81.0
20.0
29.0
70.0
53.0
122.0
53.0
68.0
80.0
56.0
111.0
90.0
97.0
55.0
64.0
24.0
77.0
124.0
86.0
21.0
124.0
33.0
9.0
93.0
47.0
94.0
32.0
88.0
80.0
83.0
51.0
117.0
74.0
107.0
52.0
110.0
20.0
90.0
96.0
50.0
81.0
21.0
108.0
13.0
90.0
81.0
57.0
56.0
21.0
77.0
128.0
112.0
71.0
48.0
20.0
20.0
40.0
94.0
49.0
32.0
96.0
116.0
57.0
45.0
64.0
19.0
57.0
87.0
53.0
73.0
123.0
51.0
87.0
85.0
87.0
93.0
83.0
40.0
88.0
110.0
94.0
85.0
67.0
53.0
96.0
47.0
83.0
22.0
17.0
77.0
87.0
11.0
69.0
28.0
96.0
115.0
74.0
9.0
55.0
135.0
52.0
60.0
93.0
48.0
58.0
39.0
24.0
80.0
22.0
34.0
45.0
25.0
50.0
42.0
85.0
13.0
121.0
110.0
57.0
56.0
8.0
35.0
42.0
104.0
138.0
25.0
14.0
69.0
118.0
19.0
105.0
97.0
24.0
40.0
109.0
27.0
119.0
43.0
81.0
8.0
47.0
96.0
40.0
24.0
98.0
91.0
12.0
126.0
98.0
58.0
42.0
64.0
65.0
75.0
48.0
41.0
24.0
39.0
108.0
21.0
48.0
40.0
95.0
43.0
57.0
107.0
55.0
62.0
109.0
92.0
67.0
58.0
43.0
130.0
85.0
88.0
18.0
65.0
10.0
22.0
12.0
12.0
54.0
62.0
43.0
55.0
55.0
44.0
17.0
49.0
137.0
70.0
22.0
40.0
52.0
62.0
72.0
21.0
92.0
49.0
57.0
93.0
113.0
10.0
116.0
25.0
100.0
12.0
96.0
39.0
51.0
68.0
82.0
62.0
105.0
99.0
100.0
39.0
53.0
49.0
78.0
57.0
49.0
23.0
110.0
71.0
17.0
90.0
69.0
53.0
54.0
50.0
59.0
69.0
100.0
89.0
83.0
89.0
82.0
99.0
56.0
53.0
99.0
129.0
61.0
94.0
19.0
90.0
65.0
32.0
40.0
15.0
56.0
60.0
24.0
70.0
91.0
25.0
58.0
71.0
59.0
51.0
79.0
51.0
51.0
78.0
24.0
80.0
81.0
54.0
99.0
80.0
72.0
20.0
51.0
7.0
70.0
127.0
23.0
13.0
64.0
60.0
50.0
56.0
84.0
110.0
68.0
90.0
23.0
82.0
58.0
124.0
29.0
47.0
47.0
60.0
122.0
109.0
98.0
17.0
96.0
12.0
87.0
50.0
78.0
34.0
5.0
53.0
23.0
103.0
97.0
12.0
56.0
82.0
48.0
73.0
69.0
66.0
84.0
54.0
98.0
24.0
7.0
18.0
30.0
91.0
128.0
9.0
103.0
41.0
90.0
77.0
79.0
60.0
93.0
83.0
99.0
92.0
99.0
49.0
7.0
41.0
59.0
53.0
94.0
55.0
36.0
79.0
24.0
57.0
111.0
13.0
117.0
58.0
20.0
92.0
25.0
16.0
35.0
75.0
22.0
120.0
11.0
28.0
52.0
56.0
21.0
97.0
9.0
57.0
83.0
73.0
91.0
73.0
110.0
48.0
45.0
68.0
65.0
58.0
74.0
46.0
79.0
64.0
29.0
24.0
62.0
100.0
60.0
45.0
55.0
38.0
27.0
87.0
95.0
20.0
11.0
76.0
76.0
65.0
111.0
96.0
52.0
42.0
70.0
58.0
58.0
103.0
14.0
58.0
9.0
110.0
15.0
92.0
71.0
86.0
47.0
81.0
124.0
41.0
44.0
62.0
91.0
53.0
34.0
49.0
58.0
72.0
33.0
90.0
104.0
43.0
36.0
40.0
79.0
48.0
87.0
72.0
30.0
49.0
21.0
54.0
111.0
49.0
12.0
65.0
26.0
24.0
74.0
63.0
51.0
21.0
118.0
44.0
45.0
47.0
25.0
58.0
89.0
122.0
55.0
113.0
20.0
46.0
95.0
110.0
81.0
23.0
101.0
43.0
89.0
62.0
81.0
87.0
123.0
51.0
59.0
78.0
37.0
38.0
20.0
111.0
40.0
96.0
13.0
124.0
51.0
18.0
46.0
117.0
83.0
21.0
44.0
62.0
59.0
23.0
21.0
13.0
78.0
43.0
117.0
28.0
63.0
85.0
78.0
20.0
13.0
89.0
96.0
118.0
53.0
46.0
49.0
78.0
98.0
57.0
81.0
106.0
101.0
47.0
56.0
14.0
5.0
96.0
50.0
55.0
41.0
80.0
23.0
27.0
39.0
66.0
63.0
19.0
83.0
92.0
56.0
127.0
101.0
87.0
119.0
91.0
47.0
81.0
38.0
86.0
102.0
94.0
23.0
98.0
123.0
43.0
107.0
59.0
69.0
36.0
99.0
96.0
49.0
112.0
88.0
94.0
74.0
128.0
32.0
65.0
58.0
92.0
80.0
13.0
109.0
23.0
21.0
82.0
88.0
98.0
104.0
84.0
98.0
6.0
28.0
46.0
24.0
82.0
13.0
49.0
26.0
44.0
73.0
80.0
86.0
43.0
10.0
72.0
68.0
40.0
80.0
98.0
92.0
35.0
20.0
60.0
49.0
66.0
92.0
50.0
37.0
123.0
91.0
88.0
93.0
62.0
101.0
18.0
9.0
54.0
51.0
68.0
124.0
12.0
64.0
112.0
105.0
54.0
104.0
47.0
33.0
105.0
41.0
19.0
38.0
54.0
59.0
40.0
48.0
67.0
58.0
93.0
70.0
86.0
46.0
63.0
113.0
119.0
85.0
84.0
60.0
20.0
86.0
53.0
43.0
108.0
96.0
54.0
114.0
18.0
90.0
81.0
96.0
45.0
52.0
54.0
128.0
51.0
87.0
129.0
55.0
54.0
92.0
61.0
61.0
45.0
89.0
113.0
60.0
60.0
131.0
99.0
83.0
18.0
37.0
87.0
93.0
79.0
96.0
19.0
53.0
101.0
84.0
29.0
35.0
7.0
102.0
70.0
60.0
54.0
54.0
98.0
97.0
22.0
96.0
22.0
37.0
108.0
15.0
57.0
40.0
37.0
15.0
10.0
14.0
77.0
109.0
93.0
18.0
95.0
130.0
95.0
64.0
30.0
56.0
128.0
17.0
99.0
100.0
53.0
70.0
5.0
18.0
100.0
96.0
124.0
43.0
94.0
137.0
22.0
21.0
88.0
82.0
54.0
99.0
58.0
88.0
64.0
40.0
27.0
85.0
105.0
50.0
50.0
87.0
15.0
105.0
51.0
53.0
40.0
55.0
88.0
7.0
86.0
82.0
19.0
97.0
110.0
99.0
92.0
59.0
64.0
80.0
25.0
88.0
112.0
44.0
51.0
30.0
40.0
93.0
124.0
26.0
91.0
100.0
58.0
40.0
14.0
92.0
55.0
76.0
105.0
105.0
53.0
12.0
24.0
77.0
51.0
96.0
85.0
36.0
6.0
84.0
97.0
46.0
94.0
136.0
108.0
89.0
100.0
115.0
46.0
30.0
107.0
79.0
81.0
119.0
54.0
16.0
53.0
37.0
55.0
58.0
54.0
37.0
112.0
66.0
118.0
98.0
6.0
47.0
51.0
77.0
96.0
7.0
91.0
44.0
84.0
12.0
94.0
28.0
63.0
41.0
105.0
124.0
6.0
131.0
11.0
89.0
81.0
84.0
35.0
15.0
19.0
30.0
89.0
78.0
25.0
115.0
102.0
70.0
38.0
60.0
76.0
11.0
50.0
11.0
88.0
17.0
103.0
21.0
86.0
49.0
56.0
47.0
81.0
61.0
63.0
93.0
84.0
51.0
21.0
60.0
46.0
10.0
21.0
81.0
104.0
68.0
101.0
93.0
18.0
19.0
82.0
46.0
90.0
110.0
46.0
45.0
53.0
99.0
92.0
15.0
28.0
58.0
97.0
69.0
76.0
55.0
69.0
12.0
60.0
80.0
112.0
88.0
59.0
101.0
27.0
95.0
42.0
5.0
43.0
55.0
115.0
118.0
90.0
23.0
51.0
35.0
27.0
91.0
127.0
57.0
31.0
88.0
82.0
11.0
123.0
15.0
87.0
14.0
48.0
41.0
125.0
55.0
23.0
17.0
55.0
30.0
57.0
50.0
82.0
110.0
100.0
83.0
50.0
93.0
27.0
22.0
97.0
85.0
15.0
23.0
27.0
31.0
40.0
19.0
101.0
43.0
62.0
94.0
55.0
49.0
95.0
60.0
80.0
70.0
65.0
105.0
41.0
114.0
57.0
57.0
100.0
123.0
107.0
59.0
87.0
87.0
105.0
79.0
78.0
63.0
112.0
10.0
99.0
45.0
60.0
85.0
106.0
64.0
76.0
81.0
34.0
48.0
44.0
63.0
78.0
11.0
26.0
45.0
11.0
82.0
62.0
75.0
35.0
111.0
52.0
56.0
134.0
82.0
6.0
54.0
23.0
96.0
48.0
53.0
11.0
15.0
49.0
13.0
65.0
104.0
61.0
89.0
25.0
120.0
62.0
67.0
73.0
45.0
44.0
51.0
69.0
115.0
11.0
88.0
60.0
34.0
57.0
60.0
16.0
89.0
50.0
106.0
47.0
87.0
77.0
31.0
45.0
75.0
69.0
17.0
79.0
63.0
112.0
91.0
54.0
96.0
53.0
66.0
60.0
97.0
26.0
9.0
54.0
19.0
81.0
35.0
49.0
77.0
46.0
53.0
121.0
87.0
93.0
99.0
91.0
124.0
93.0
87.0
44.0
13.0
79.0
75.0
36.0
83.0
112.0
69.0
105.0
100.0
58.0
41.0
70.0
24.0
11.0
71.0
82.0
27.0
73.0
56.0
99.0
12.0
93.0
94.0
87.0
44.0
62.0
82.0
42.0
48.0
73.0
69.0
87.0
105.0
30.0
34.0
60.0
104.0
8.0
47.0
55.0
6.0
118.0
47.0
45.0
23.0
39.0
7.0
46.0
80.0
50.0
98.0
68.0
59.0
78.0
44.0
93.0
111.0
76.0
101.0
91.0
57.0
63.0
100.0
8.0
70.0
63.0
35.0
78.0
107.0
42.0
5.0
21.0
147.0
68.0
82.0
71.0
113.0
110.0
78.0
70.0
94.0
91.0
5.0
84.0
60.0
95.0
99.0
104.0
90.0
13.0
10.0
76.0
12.0
39.0
46.0
97.0
38.0
76.0
104.0
18.0
55.0
89.0
55.0
99.0
35.0
51.0
70.0
52.0
63.0
86.0
115.0
97.0
35.0
81.0
5.0
18.0
85.0
64.0
70.0
13.0
58.0
16.0
109.0
24.0
114.0
65.0
93.0
91.0
99.0
81.0
71.0
94.0
104.0
12.0
53.0
72.0
26.0
51.0
81.0
43.0
18.0
35.0
83.0
89.0
60.0
62.0
125.0
45.0
24.0
88.0
90.0
45.0
100.0
100.0
55.0
60.0
49.0
121.0
99.0
71.0
47.0
110.0
58.0
56.0
94.0
9.0
87.0
64.0
43.0
14.0
30.0
36.0
49.0
9.0
73.0
66.0
58.0
56.0
44.0
59.0
84.0
98.0
88.0
24.0
52.0
82.0
108.0
120.0
101.0
44.0
49.0
83.0
24.0
12.0
26.0
70.0
121.0
77.0
57.0
13.0
53.0
79.0
5.0
69.0
19.0
81.0
42.0
30.0
114.0
80.0
110.0
81.0
12.0
20.0
95.0
114.0
122.0
46.0
44.0
43.0
91.0
16.0
106.0
76.0
59.0
64.0
105.0
55.0
112.0
93.0
63.0
19.0
41.0
29.0
87.0
46.0
68.0
29.0
70.0
17.0
94.0
16.0
42.0
17.0
50.0
102.0
49.0
116.0
82.0
59.0
121.0
49.0
47.0
76.0
116.0
13.0
16.0
52.0
78.0
96.0
45.0
123.0
102.0
83.0
42.0
18.0
30.0
59.0
55.0
93.0
116.0
68.0
22.0
43.0
48.0
47.0
10.0
94.0
104.0
26.0
58.0
89.0
21.0
49.0
63.0
11.0
108.0
39.0
86.0
83.0
100.0
53.0
32.0
87.0
76.0
97.0
102.0
74.0
65.0
97.0
80.0
21.0
62.0
40.0
104.0
90.0
84.0
25.0
63.0
58.0
61.0
86.0
78.0
50.0
51.0
33.0
45.0
22.0
79.0
59.0
19.0
43.0
55.0
74.0
86.0
82.0
106.0
52.0
46.0
95.0
83.0
103.0
98.0
90.0
52.0
56.0
38.0
60.0
134.0
20.0
54.0
72.0
28.0
16.0
110.0
87.0
92.0
58.0
79.0
65.0
50.0
8.0
136.0
104.0
52.0
23.0
48.0
79.0
63.0
60.0
17.0
59.0
17.0
84.0
52.0
17.0
24.0
131.0
25.0
97.0
113.0
57.0
43.0
31.0
82.0
74.0
105.0
36.0
96.0
81.0
77.0
11.0
24.0
34.0
27.0
16.0
54.0
62.0
78.0
66.0
88.0
99.0
9.0
37.0
19.0
48.0
47.0
74.0
99.0
83.0
98.0
52.0
49.0
24.0
60.0
67.0
43.0
60.0
97.0
57.0
51.0
55.0
110.0
86.0
21.0
15.0
86.0
78.0
82.0
80.0
50.0
108.0
90.0
47.0
87.0
91.0
62.0
23.0
75.0
88.0
13.0
118.0
88.0
8.0
75.0
14.0
35.0
63.0
98.0
96.0
119.0
85.0
94.0
11.0
37.0
104.0
16.0
17.0
95.0
22.0
92.0
45.0
47.0
59.0
98.0
43.0
50.0
39.0
50.0
38.0
70.0
94.0
17.0
60.0
21.0
87.0
72.0
101.0
93.0
103.0
62.0
60.0
53.0
57.0
13.0
55.0
82.0
91.0
43.0
84.0
60.0
69.0
103.0
15.0
57.0
30.0
48.0
73.0
28.0
29.0
105.0
66.0
80.0
105.0
66.0
49.0
91.0
57.0
68.0
45.0
109.0
73.0
97.0
49.0
69.0
44.0
118.0
82.0
80.0
93.0
69.0
117.0
20.0
16.0
95.0
117.0
78.0
99.0
67.0
104.0
58.0
117.0
95.0
132.0
96.0
34.0
95.0
99.0
43.0
101.0
89.0
70.0
50.0
37.0
57.0
130.0
12.0
115.0
66.0
83.0
89.0
89.0
71.0
65.0
8.0
83.0
28.0
8.0
85.0
60.0
114.0
85.0
70.0
45.0
14.0
50.0
74.0
43.0
85.0
15.0
99.0
92.0
80.0
88.0
6.0
83.0
11.0
87.0
84.0
63.0
100.0
52.0
25.0
49.0
7.0
49.0
82.0
53.0
55.0
102.0
53.0
48.0
71.0
31.0
104.0
72.0
68.0
100.0
62.0
62.0
61.0
103.0
69.0
30.0
60.0
96.0
10.0
35.0
59.0
73.0
23.0
116.0
90.0
40.0
54.0
123.0
87.0
26.0
11.0
14.0
40.0
80.0
14.0
75.0
107.0
55.0
12.0
8.0
64.0
127.0
60.0
94.0
40.0
95.0
75.0
89.0
58.0
80.0
23.0
51.0
122.0
86.0
77.0
83.0
50.0
8.0
19.0
48.0
74.0
136.0
103.0
85.0
126.0
17.0
70.0
22.0
93.0
37.0
81.0
26.0
28.0
105.0
95.0
13.0
88.0
8.0
94.0
29.0
101.0
13.0
118.0
30.0
36.0
85.0
92.0
23.0
112.0
95.0
90.0
30.0
49.0
119.0
50.0
50.0
66.0
80.0
91.0
54.0
18.0
30.0
119.0
82.0
92.0
24.0
95.0
25.0
45.0
47.0
19.0
86.0
88.0
55.0
116.0
129.0
89.0
77.0
27.0
96.0
23.0
60.0
84.0
55.0
39.0
108.0
24.0
35.0
103.0
117.0
89.0
50.0
37.0
38.0
33.0
66.0
21.0
17.0
20.0
45.0
86.0
114.0
22.0
101.0
49.0
52.0
129.0
50.0
20.0
75.0
97.0
125.0
45.0
87.0
46.0
92.0
41.0
87.0
21.0
86.0
12.0
105.0
54.0
23.0
55.0
12.0
64.0
53.0
83.0
69.0
50.0
85.0
52.0
38.0
126.0
8.0
12.0
132.0
85.0
9.0
66.0
82.0
24.0
12.0
85.0
7.0
80.0
83.0
68.0
33.0
7.0
23.0
128.0
84.0
65.0
28.0
92.0
104.0
69.0
17.0
46.0
110.0
63.0
86.0
22.0
82.0
95.0
79.0
55.0
65.0
7.0
6.0
44.0
29.0
45.0
39.0
54.0
58.0
62.0
63.0
100.0
69.0
81.0
85.0
86.0
45.0
22.0
48.0
86.0
58.0
11.0
62.0
50.0
27.0
32.0
45.0
97.0
77.0
25.0
114.0
12.0
75.0
51.0
123.0
103.0
13.0
70.0
91.0
73.0
95.0
58.0
49.0
37.0
64.0
100.0
57.0
101.0
49.0
105.0
48.0
97.0
55.0
54.0
90.0
64.0
49.0
50.0
84.0
111.0
57.0
28.0
109.0
71.0
98.0
86.0
64.0
81.0
129.0
129.0
84.0
95.0
44.0
47.0
60.0
60.0
13.0
49.0
10.0
22.0
62.0
25.0
41.0
89.0
45.0
73.0
72.0
58.0
35.0
12.0
64.0
82.0
14.0
67.0
23.0
51.0
61.0
90.0
110.0
134.0
19.0
25.0
78.0
98.0
126.0
10.0
45.0
100.0
80.0
78.0
17.0
86.0
65.0
6.0
33.0
70.0
47.0
68.0
72.0
58.0
113.0
88.0
106.0
94.0
19.0
94.0
75.0
85.0
59.0
57.0
120.0
87.0
21.0
62.0
116.0
86.0
120.0
108.0
60.0
41.0
8.0
42.0
8.0
94.0
49.0
65.0
41.0
20.0
101.0
78.0
66.0
98.0
22.0
128.0
98.0
88.0
84.0
76.0
73.0
19.0
36.0
122.0
40.0
61.0
63.0
68.0
83.0
16.0
90.0
23.0
52.0
45.0
31.0
82.0
88.0
60.0
77.0
68.0
119.0
109.0
138.0
27.0
63.0
9.0
100.0
55.0
99.0
95.0
72.0
81.0
24.0
73.0
51.0
102.0
73.0
98.0
42.0
92.0
43.0
17.0
13.0
93.0
55.0
74.0
11.0
8.0
76.0
36.0
24.0
107.0
83.0
95.0
90.0
46.0
23.0
38.0
28.0
102.0
62.0
13.0
51.0
59.0
67.0
106.0
77.0
35.0
80.0
64.0
81.0
61.0
86.0
101.0
19.0
38.0
90.0
90.0
50.0
13.0
127.0
23.0
115.0
9.0
48.0
55.0
41.0
5.0
52.0
96.0
57.0
86.0
14.0
17.0
51.0
130.0
103.0
78.0
53.0
6.0
42.0
65.0
36.0
39.0
100.0
64.0
41.0
77.0
99.0
99.0
48.0
16.0
76.0
6.0
37.0
12.0
103.0
108.0
58.0
96.0
77.0
13.0
12.0
99.0
84.0
52.0
63.0
55.0
58.0
82.0
15.0
82.0
94.0
10.0
36.0
65.0
17.0
11.0
126.0
9.0
13.0
56.0
12.0
89.0
47.0
55.0
53.0
39.0
19.0
113.0
95.0
76.0
10.0
100.0
85.0
84.0
43.0
11.0
90.0
21.0
46.0
89.0
41.0
64.0
5.0
89.0
96.0
71.0
47.0
20.0
52.0
91.0
59.0
124.0
7.0
26.0
45.0
80.0
52.0
87.0
43.0
20.0
22.0
83.0
118.0
80.0
80.0
56.0
112.0
113.0
33.0
55.0
49.0
125.0
75.0
77.0
14.0
88.0
32.0
50.0
26.0
85.0
53.0
110.0
58.0
30.0
18.0
62.0
85.0
68.0
96.0
26.0
60.0
95.0
39.0
67.0
113.0
74.0
87.0
92.0
30.0
90.0
30.0
94.0
112.0
65.0
54.0
34.0
35.0
86.0
51.0
88.0
122.0
16.0
84.0
66.0
113.0
62.0
50.0
18.0
85.0
62.0
58.0
58.0
60.0
12.0
47.0
49.0
89.0
23.0
116.0
22.0
105.0
40.0
87.0
94.0
75.0
64.0
87.0
65.0
100.0
50.0
73.0
18.0
61.0
98.0
54.0
92.0
42.0
110.0
54.0
22.0
54.0
124.0
80.0
36.0
50.0
97.0
45.0
41.0
85.0
68.0
94.0
16.0
60.0
37.0
89.0
49.0
96.0
35.0
94.0
108.0
46.0
36.0
36.0
86.0
57.0
66.0
18.0
110.0
50.0
84.0
55.0
49.0
93.0
47.0
43.0
16.0
111.0
29.0
41.0
98.0
129.0
56.0
14.0
51.0
52.0
16.0
122.0
93.0
103.0
82.0
7.0
51.0
61.0
110.0
129.0
78.0
105.0
84.0
24.0
25.0
134.0
63.0
49.0
