2 8 9 15 16 18 48
2 3 6 28 35 38 48
15 33 39
13 27 35 42 45 46
1 11 18 38 49
10 14 18 49
6 25
3 17 23 39
6 8 19 25 36 41
3 5 13 15 24 37 43 46
7 15
11 24 30 41
14 18 43 45
39 41
11 16 18 25 30 47
3 4 15 21 36 44 49
5 14 18 37 46
26 32 42
9 10 16 17 48
17 26 28 38 48 49
9 32 33
4 8 10 11 28 39 41 44
17 25 30 34 39
1 8 18 35 42 44 47 49
19 28
1 17 33 47 49
7 20 33 39 41 49
11 24 49
1 2 8 21 24 32 34 39
4 16 37
32 47
9 11 17 31 35 36 43 49
13 14 20 26 28 35 39 45
8 16 29 34
2 22
1 5 15 38 41 50
3 5 22
14 16 18 32 35 43
13 16 27 31 37 48 50
28 43
4 27 30 44 47
4 7 16 22 26 47 50
9 29 35
16 18 30
4 7 35 36 42
16 49
4 14 26 31 32
1 17 19 25 30
10 13 32 36 43 46 47
4 38 48
21 48
31 38
4 5 6 11 12 33 34 39
8 16 26 37 38 39 50
6 27 34 37 38 43
14 21 43 46
9 26 42 43
1 5 21 30 49
5 7 14 17 33 35
5 16 19 24
20 35 40 42 46
36 43
7 8 9 10 17 36 50
14 22 39 46
4 6 17 32 33 41 49
1 3 18 22 50
11 17 28 29 36 46 48
5 45
3 10 24 28 36 38
20 24
14 16 43 44
27 36 40 50
11 12 27
22 27 48
7 11 25 45
13 15 20 23 30 31 44 49
5 13 18 22 23 26 47
2 8 22 26 35 44
3 17 38
21 23 28 39 47 50
25 37
1 3 28 46
5 13 24 28 35 43 44 47
8 20 21 33 43 47
9 19 21 26 27 36 45
12 25 43 44 48
1 19 20 26 36 50
21 30 38 39 42
14 31 33 44 48
6 19 22 33 40 41 43
2 10 13 15 16 20 44 49
31 40 50
13 27 37 41 46
10 16 26 42 45
7 12 15 28 30 34 45 50
8 9 16 30 43 48
21 28 29 33 39 40
11 17 29 31 48
16 18 29 32 34 41 49 50
6 16 18 19 21 22 35
15 25 45
5 14 22 27 30 35 48
14 27
1 2 23 25 31 37 38 45
15 25 27 32 35 39 45 48
2 22 25 32 43
2 9 11 26 30 35 40
2 6 9 28 42 43
4 17 25
21 22 30
6 17 27 49
35 48
5 15 42 50
2 49
2 10 40
8 31 43
17 30 45
39 46 48
2 7 11 20 25 37 38 49
5 7 13 16 38 41 45
3 8 23 28 35 37 39 44
33 42
27 32
10 24 30 41 46
34 42 47
18 28 30 31 35 38
6 16 18 29 30 37 40 50
2 12 21 32
17 22 23
1 13 18 34 36 45
27 32 47
2 16 29 31 32 42 45 46
15 16 26 45
23 24 28 31 34 36 38
18 23 30 45
8 13 15 47
35 48
14 31 48
7 13 19 34 38 39 49
12 20 24
3 4 9 18 19 35 36
1 7 19 31 32 37 49
4 12 17 22 31
4 5 26 32 37 41 44 50
6 20 37
36 49
15 25 29 34 39 40
20 28 37 38
40 48
6 11 14 16 17 41 43 50
1 5 11 27 29 45
3 15 19 45 46
15 44
8 13 15 28 35 38 41 43
5 10 18
20 39 48
8 29 30 45
6 18 26 29 32 33 35
28 48
2 6 15 17 37 44
44 49
3 12 31 34 42 49
12 28 38 41
23 31
7 11 21 43
19 26 32 43 45
6 30
8 21 26 50
1 4 13 27 30 34 35 43
4 14 29 32 41 49
8 9 19 29 32 45
1 11 16 20 36 39 46
6 8 15 30 42
18 19 27 33 46
10 16 25 30 36
5 9 18 27 33 48
1 18 19 20 33 38 43 45
10 22 23 29 31 35 36 48
13 16 21 37 45
3 27 50
10 25 31 42 43 46 48
9 33
7 29 30 34
5 10 17 27 31 42 50
6 22 26 42 44 45
21 32 41 46 49
5 40
6 7 15 19 28 41 44
2 3 11 20 45
4 10 16 19 23 24 28 34
6 11 12 40 44 49
10 15 16 32 38 44
1 17 19 30 43 49 50
5 23 29
17 28 41 45
7 13 16 20 25 31 37 48
2 19 26 43 45 50
37 44
15 19 23 32 39 48
9 13 17 40 43 44 47
41 42
3 24 29 38
19 21
9 13 35
11 17 18 19 31 33
5 8 10 15 26 30 44 45
1 6 17 26
24 30
7 15 24 25 41 44
36 40
5 15 30 41 42 45
3 8 9 20 27 32 47
16 35
24 30 43 45 48
10 27 38 47 48
32 40
3 14 24 45
7 16 24 35 44
4 13 18 26
2 6 14 30 39 41 42 43
5 9 14 16 22 36 37 46
15 22 50
1 9 10 12 17 18 35 39
1 2 9 16 21 23 38
4 9 17
5 8 24 29 31 48
3 7 15 29 33 40
2 4 30 42
5 6 7 26 28 29 32 44
5 9 10 18 40 41
19 21 25 34 39 46
7 8 28 39 42 45
14 15 22 27 28 29 36 47
7 21 27 28 47
5 6 10 17 24 31 44
7 28
4 9 22 36 38 43 46 49
23 28 43 47 49
7 20 23 39
7 10 14 15 31 43
8 15 18 24 28 36 37 50
2 36 39 42 43 44
12 18
1 10 12 23
2 5 6 10 26 34 41
11 22 24 27 30
4 6 10 11 21 37 39
6 44
28 29 32 39 43
8 14 33 49
8 19 32 38 44
1 3 4 15 20 26 39
9 14 49 50
1 8 21 32
9 25 35
3 5 23 26 36 43
5 30
26 27 28 37 41 46
2 26
30 40 45
7 28
6 20 26 34 38
11 22 50
8 13 23 33 34 41
7 10 13 16 17 42 49
5 10 12 41 42 49
29 37 38 44 49
10 21 29 40 41 48 50
18 20 29 38 41
5 20 30 33
4 24
6 42
3 25 30 33 36 38
10 13 21 31 33 37 39 42
6 7 22 33 46
3 16 46
11 19 24 34 40
4 22 39 44 50
5 7 22 25 36 44 50
10 39 43 47
38 43
20 42 43 45
6 39 46
9 22 25 42 43 45
42 43
2 12 14 20 24 50
5 7 9 10 13 15 19 32
3 9 22 34 35 40 43 48
10 11 12 45 50
3 11 16 24 27 29 44 47
15 19 29 35 48 49
13 24 31 44
19 25 30 33 50
9 11 13 17 39
7 8 24 31 34 36 46
11 49
6 10 15 28 33
2 4 26 27
6 16 24 25
7 21
3 9 10 19
1 9 29 31 40 46 49
14 17
8 19 28 34 39 47
4 8 16 27
2 5 8 30 32 35 39 40
10 16 19 28 37 46
12 16 23 27 37 43
5 24 33 34 35 46
25 31
2 5 17 23 24 25 46
3 7 9 22 38 41 43
12 22 30 42 44 45
3 5 9 12 19 30 46
3 13
26 31 33 35
42 49
4 23 42 50
8 24 26 28
12 22 24 32 45
6 28 39 47
6 7 19 21 43 49
28 29 39 46
3 23 28 29 40 49 50
4 5 24 26 33 41 43
10 39
5 9
3 10 24 25 37 39 42 49
5 24 29 49
24 26 34
2 8 12 16 18 32 34
8 14 17 29 46 49
8 13 32 45
5 6 12 21 29 44 46 49
5 11 19 20 35 36 41
8 9 13 15 16 24 32 33
24 30 36 37
5 6 40
27 31 34 46 47
5 9 21 29 30 37 42 49
9 36 41 50
9 28 50
4 8 10 11 20 21 34 45
6 17 19 34
9 18 20 35 36 40 41
10 11 38 42 48 49
2 3 6 22 37 39 47
14 17 27 37 40 41 42 50
19 20 35 41 42
20 26 44
4 45
14 22 27 30 31
21 46 47
9 24 33 36 49
8 16 18 30
4 7 10
11 16 21 27 40
11 13 21 30 32 33 47
2 6 26 30 33
4 23 38
32 39 42 44
1 7 28 35
24 26 47 49
4 26
5 13 19 24 25 36
18 36 40 44 49
7 9
22 24 36 49
26 33 39
3 9
9 10 21 30 31 33 34 39
11 26 40 48
22 32 33 35 37 49
2 8 22 24 44
2 20 39 41 45 47
37 38 42 50
4 11 31 34 38 40 41
3 16 44
2 8 10 13 21 27 29
4 9 14 27 31 33 40
21 36 43
12 21 22 25 30 35
42 44 47 50
13 16 18 20 31 36
14 19 46 50
23 31 36 47
8 35 37 44
3 10 19 23 50
6 14 17 23 29 31 42
7 9 18 35 36 40 45 49
4 16 43
4 15 41
7 22 31 44 46
11 36
13 19 21 31 42 46 50
6 50
3 12 15 35 47 48
1 3 12 19 26 32 49 50
7 19 22 30 39 42
9 13 18 30 32 33
11 30 42 47
1 12 19 22 37 44 48
26 40 41
6 7 12 21 26 43
1 16 17 21 25
18 20 22 38 49
17 42
4 8 11 16 20 30 43
8 19 20 33 41 45 46
9 10 15 30 31 50
27 31 36 45
6 14 16 29 34 39 43 44
4 5 8 24 33 36 37
10 11 21 29 34 35
6 14 29 32 33 38 46
9 27 30 33 37
2 20 26 30 44 47
1 3 5 14 23 28 38 48
3 4 5 19 27 31
9 24 25 27 29 42 47 49
6 9 35 43 44
8 9 12 15 23 26 34 35
2 20 25 28 30 35 44 46
10 23 30
8 47 49
2 5 7 14 16 27 40 43
29 39
3 26 48
14 35 49
15 19 33
37 39 44 50
10 20 43
18 20 27
12 28 38 41 44 48
4 23 25 42 43
10 20 27 45
31 35 49
4 10 15 20 27 30 36 46
9 14 16 17 25 34
4 6 13 24 29 35 50
3 5 13 39 44
14 20 22 31 36 43 48
8 13 48
39 45 46
16 19 21 36 50
17 20 23 35 42
7 21 30 31 32 47
3 21 27 37
2 10 17 27 36 38 46
13 15 22
16 22 32 36 42 44
11 23 30 32 42 45 47 50
4 12 32 34 35 42 50
1 4 5 9 15 27 41 43
1 4 10 14 24 30 33
1 2 31 32 40 43 50
1 2 18 27 34 35
33 45
7 10 12 13 16 34 40 49
6 18 23 26
15 16 30 37 45
3 6 25 26 42 49 50
1 4 11 31 41 45
7 22 28 37 42
14 15
3 5 18 35 44
2 3 10 12 14 21 38
11 20
25 37 44
9 25 48 49
4 7 15 23 28 48
26 39 40 50
18 41
15 23 25 28 36
6 16 19 25 38 40 43
10 18
7 10 21 24 25 41 48
20 29
6 7 9 12 18 28 29 36
2 6 7 23 27 36
1 19 21 25 27 39
6 11 16 25 34 36 37 47
18 20 32
11 28
5 17 20 24 31
7 13 30 32 39 40 41
1 22 26 40
9 20 22 28 29 39 42 50
12 13 21 26 31 45
32 41 45 48
8 16 18 21 24 25 26 37
2 12 30 35 36 44
5 19 27 44 45
16 20 41
5 10 25 28 29 39 46
26 27 33 35 45 49
6 7 16 24 35 39 41 45
3 40 42
1 7 22 26 28 42 44
15 33 34 48
15 24 26 29 37 45
2 10 23 31 33 38 44 45
6 8 27 47
14 20 22 30
7 23 29 31 47
3 5 20 46
22 42
11 12 16 34 36 48 50
12 15 26 28 30 41
2 13 26 28 29 40 43
1 14 18 25 46
7 12 13 21 24 35
17 43
21 25 26 39 40 41
23 30
20 44 46
6 8 9 16 21 44
12 24
9 25 27 37 39 50
32 35 41
11 32 36
12 21 29
1 23
13 25 36
27 29 32 44 47 49 50
2 37
3 15 18 35
30 37 50
8 18 33 35 37 49
3 14 29 35 47 49
42 48
3 17 23 29
8 14 16 48 50
11 23 28 40 41 46 48
4 14 18 23 35 37 39 50
19 21 46
7 9 18 27 33 44
9 16 42 45
10 16 21 26 32 37 44
25 27 29 41
6 18 24 26 33 45 50
1 21 38 47 50
5 23 30 35 41 43 45
14 28 32
19 22 36 37
3 4 7 22 32 44
1 2 8 11 28 29 30 50
6 9 11 18 20 42 49
6 24 42 43
26 41
6 7 15 28 42 45 49
5 9 31
29 34 44
22 45
5 6 9 15 25 28 31 45
21 24
25 49 50
1 5 10 34 37 40 44
23 29 47
10 14 27 29 40 44 48
9 49
9 21 23 25 28 47
6 16 36 42
2 19 39 43 45 47
33 34 39
4 16 19 25 26 32 42
32 39 41
1 9 21 24 25 37
12 35 44 49
1 2 3 5 14 17 38 50
19 26 27 28 33 41 46 49
35 41
6 10 18 20 33 48
10 21 26 35 38 41 42 44
16 28 45 47
6 8 28
4 12 20 39 43 47
9 46
23 32 34
2 8 9 11 17 18 24 47
5 17 18 28 34 37 41 47
4 24 32 33 37
7 11 17 50
1 3 8 15 33 46 47
24 31
3 12 36
15 16 21 27 47
5 8 24 37
3 4 5 12 15 26 34
1 6 19 20 21 24 30 36
20 37 40 48
13 24 32 38 50
1 2 10 15 16 23 27 35
1 7 20 22 25 43 45 49
4 10 16 18 27 32
15 34
6 7 24 30 33 38 48
4 5 26 28 37 38 43
17 19 21
5 15 18 21 29 48 49
7 38 50
11 29
8 23 27 35
6 8 17 20 30
3 14 20 21 39 44 45 46
16 46
4 17 20 33 44
26 29
7 8 9 16 30 36 48
15 50
24 26 44
2 5 6 17 38 46 49
3 6 8 9 22 29 30
28 37 47
2 12 25 28 44
12 18 29
16 40
27 31 32 36
18 25
13 16 34 41 42
2 23 25 31 32 35 46 47
2 12 18 21 25 50
2 18 50
7 11 15 16 23 31 34 38
4 35 48 49
12 16 23 25 38 48
2 23 37 38 45 48 49 50
13 32 37
3 6 12 32
2 15 39
1 9 13 22 40
2 4 10 12 21 38 46
5 24 26 34 38 43 46 49
9 11 20 21
12 21 23 32 36 40 41 42
9 12 19 20 25 38 45
1 3 12 26 37 45 48
15 37 40 41
5 10 16 22 48
6 11 41 46
1 5 14 16 17 22 29
1 4 7 47
11 25 27 32 47
7 25 31 37 42 44
3 5 29
17 21
11 22
5 36 47
31 39 40 46
4 11 28 39 42
13 14 27 45
16 17 19 20 35 43 47
26 37
1 4 6 10 19 24 28 32
2 7 11 13 14 31
6 8 20 31
6 17 32 42 43
3 12 24 25 29
15 17 18 30 37
43 45 49
23 43
4 15 36 38 49
16 27 31 34 35 37 44 46
26 46
10 34 37 40 44 50
3 9 11 12 13 14 28 29
10 13 17 21 28 39 41
25 36
1 18 21 30 34 45
8 10 27 34 46 49
7 37 38 47 48 49
17 23 25 27 32 35 37 42
3 10 12 18 26
3 22 26 44 45 48
31 48
2 18 20 22
7 9 15 20 21 29 44 45
6 13 14 27 29 39 42
4 11 24 32 33 34 49
9 26 33 46
2 4 12 13 16 48
4 13 18 24 46
2 8 16 26 30 33 41 44
12 29 31 38 39
11 17 23 48
2 4 11 25
14 15 18 42 44 48 49 50
1 2 9 31 42 44
1 15 17 20 39 42
14 17 23 25 30
26 34 40 44
1 33
19 20 39 42 44 49
5 18 21 22 41
13 20 42 46
4 16 26 39 43 49
2 9 17 19 32 42 47
3 25 38 46 48
13 15 22 35 41 44 46 47
11 12 20 23 33 36 43
9 31
6 12 22 36 42 44 49
15 20 27 48
17 19 30 38
4 5 38 40 41
8 33 44
4 9 10 13 20 27
10 21 30 37 46
4 6 12 21 22 32 41 47
11 14 18 49 50
6 9 11 28 32 40 41 45
1 3 25 31 35
1 2 13 21 24 34 44
9 15 16 20 23 45 47
5 11 20 33 38
19 30 34 47
9 22 28 32 44 50
2 9 11 13 14 15 26 46
8 11 24 33 42 46
17 35 40 41 50
2 4 7 42 43 50
8 17 25 29 36
1 10 14 20 41 44 45
7 9 18 34 39 40 43
7 8 19 33 40 46 47 50
13 39 50
3 11 13 19 23 27 34 46
14 16 22 31 45
6 43
5 6 7 10 32 33 37 43
4 7 15 17 19 30 49
3 7 8 19 21 24 28 44
9 43
22 23 29
6 22 24 47
26 30
8 9 11 25 27 31 42 45
7 11 27 29 31 37 38 44
2 9 23 25 40 44
3 5 8 27 29
1 21 34 37 44 45 46
7 22 34 40 45 47 49
16 23 31 42 43 44 47
4 36 40
5 11 31 32 33 47 50
4 18 22
25 36 42
6 16 29 30 32 37 47 49
8 32 42 48
26 27
1 6 36 39 40 41
14 22 30 36 42 43
4 15 22 30 31 36 39 40
1 7 8 15 22 29 43
3 7 19 24 34 36 41 45
9 27 46 47 48
8 13 26 40
7 13 22 46 49
41 44
29 50
1 4 9 32 33 34 38
12 31 33 38 50
7 9 47
21 25 27 33 39 49 50
19 22 26 29
27 39 45
21 36 45 46
13 14 19 40 44 46 50
9 12 33 35 41 42 46
8 23 31 36 37 38 49
1 7 19 28 34 35 48
4 10 13 18 43
4 10 17 44
3 35 49
7 15 29 36 40 42 44 46
19 33 45
21 25 27 36 44
17 48
15 29 41 42 46 50
13 19 29 35 38 39 46 48
3 5 8 12 25 33 49
9 11 17 36
1 3 10 17 22 30 45 46
4 20 32 40 41 43
5 15 21 23 34 46
5 11 27 33 35 46
15 23
14 19 22 24 34 40 50
1 8 23 42 43 49
16 40 42
8 17 19 21 25 35 49
24 29 32 33 48 50
13 21 33 42
11 50
1 5 14 41 43 49
7 14 28 35 42 44 45 49
2 3 10 22 30 44 46
4 12
5 15 17 25 27 37
2 8 21 25 26 28 44
42 47
48 49
5 45
6 7 19 20 39 44
2 11 25 26 29 31 35 43
26 35 48
1 10 20 24 42 44 47
1 3 8 10 26 36 37 39
6 14 20 23 47 48
10 11 12 15 17 33 40
12 43
4 5 19 30 36 42 48 49
7 13 38 47
9 23 42 43
19 40
21 29 32
10 20 37 38 43 45
1 11 21 28
15 46 48
9 18 24 44 47
20 23 29 30 50
6 7 12 18 39 42
5 13 17 41 46 47
2 14 26 33 38 41 46 47
10 17 31 35 42 49
15 19 38 47 50
1 6 24 26 33
9 11 12 29 33 40 44 48
10 23 31 43 47 48
15 32 49
3 15 24 43
3 24 25 30 31 46
7 34 41 46
12 17 25 35 37 38 42 48
5 34 38 42
15 23 26 32 34
1 9 11 15 29 33
10 11 12 14 18 42
8 15 22 27 43 46
11 14 31 38 44
2 3 9 11 16 27 37 38
3 4 10 11 17 33 37
2 26 37 39 41 43
14 29
11 15 27 31 39
11 12 17 22 33 38 40 43
5 9 15 25 38 47
13 34
7 10 12 27 31 39 40
33 35
31 43
1 28 34 35 42 44
3 28 34 45
7 23 25 28 31 37 38 45
6 15 31 50
1 13 17 27 35 46
1 8 14 25 34 42
7 10 24 28 42
17 28 35 37
14 18 26 27 36 44
12 17 24 31 36
8 9 23 26 43 46
7 11 14 33 45
4 11 22 25 36 40 44 45
6 10
5 6 15 17 24 28
3 25 26 40 42 47
4 39 46 50
1 13 19 29 32 34 43
33 39
3 11 15 16 24 40 44
6 11
13 23 26 34 38 43 47 50
5 6 19 36 38 46 47
13 15 18 39
1 12 17 27 37
5 36
8 17 22 33
16 17 25 29 31 37 45 50
2 8 17 30 31 38 44 50
15 21 41 44 45
1 34 35 45
6 19 26
12 36
14 18 23 37
13 16 17 32 44 46 49
13 16 40
7 8 50
1 3 31 32 35 40 43
12 18 21 32 37 49
15 26 37 49
28 34
3 12 23 26 33 44
34 45
1 14 44 45
7 12 17 21 24 40
16 18 31 40
12 14 28 32
12 18 24 26 29 49 50
15 37 44
10 13 16 18 25 28 36
1 9 12 27 32
17 20 21 32 35 47
4 7 11 14 26 37 45 49
7 22 29 41 48
17 23 24 36
8 13 23 39 44
12 19 23 35 42 50
6 25 29 32 33 40 48
10 11 22 27 41
5 6 11 22 26 37
19 21 42 46
18 24 26 29 38 42
2 9 11 12 27
6 11 14 17 26 45 48
5 31
2 50
6 7 10 17 40 49
15 16 19 20 25 29 41
2 11 34
18 21 23 30 31 35 36
12 35 45
28 30 37 41 48 49
15 20 23 31 35 41 49
10 17 20 24 27
1 34
1 19 31 35
1 15 19 20 28 31 39 48
13 27 28 36
11 46 48
6 15 17 25 28
34 40 49
18 35 42 48
5 9 12
30 41
13 18 32 40 45
4 10
7 12
9 29 46 47
1 6 10
20 22 27
3 22 30 45
4 5 10 18 26 31 35 49
1 17 25
3 13 16 25 29 30 46 49
14 20 25 31 43 44
3 41 47
8 13 17 20 31 41
14 43
21 28 41
8 18 38
1 3 10 16 31 38 39 45
6 11 16 22 32 40 44 50
4 23
7 35 45
15 21 36 42 49
2 9 13 23 25 29 45 47
32 46
13 19 32 35 37 45
18 21 23 30 39 47
5 10 34
17 24 30 35
2 12 24 25 33 40 41 47
5 21 47
10 13 25 32 34 36 40 44
8 21 27 42
3 5 9 12 43 48
13 32
37 42
4 17 32 34 38 40 45
5 39 46
6 32 42
4 24 27 36 40 41 48 49
3 5 14 20 47 48
7 47
13 16 25 34 43 49
7 12 27 36 41 48 49
30 43 44 45
11 12
11 22 33 35 43
21 23 24 27 36
16 21 37 39 47
25 36 50
1 26 29 47
2 9 34 39
15 20
2 18 21 33 36 37 45 46
3 7 30
9 17 24
15 17 20
5 14 21 26 37 47
32 37 45
3 20 25 37 42 47
4 8 15 22 23 27 28 42
41 50
3 4 20 21 34
10 15 21 33 45 50
6 26 29 33 37 39 47
9 10 19 22 26
4 26 36 37 48
26 33
9 13 26 31 32 36 45 49
13 16 34 36 40 46
21 28 44 50
8 43
13 21 23 24 39
20 50
3 10 29 40
10 24 44
4 48
1 8 10 19 22 45
2 14 22 31 48
14 34 35
10 31 40 45 46 47
3 17 34 38 43
13 19
1 4 30 42
2 7 18 24 43
7 15 21 25 32 33 42 49
6 12 13 30 33 36
16 34
11 26 32 48
20 23 41 44
2 4 17 18 25 41
10 15 22 26
25 47
15 16 27 37 40 41 44
20 22 29 35 39
9 38 42
9 13 20 34 45 46 49
5 10 11 21 35 36 37 42
10 21 47
10 18 20 21 27 29 41 49
9 12
15 18 37 39 40 47 49 50
2 23 44
9 31 33 39 42 49 50
25 31 32
3 13 15
1 5 13 14 15 18 27 43
21 30 32 40 45
3 26 39 48 50
21 26 34 35 37 39 40
3 7 16 29 30 34 50
3 25 26 34 36 48
13 19
11 19 20 30 50
4 34 40 45
6 29 33 42 47
38 45 50
21 26 27
12 30
6 13 17 21 30 42 45
6 8 29 41 46 47 49
34 46
3 11 25 33 36 40 47
10 11 37 43
4 46 50
20 29 47 50
1 8 9 12 13 17 40
1 16 32 35 39
6 27 29 30 31 43
1 16 18 36 40 41
3 4 10 12 14 23 42 49
3 4 6 20 22 37 39 43
11 12 19 40 44
3 12 24 30 36 38
5 20 21 24 25 28 36 46
8 9 18 22 45
4 14 34 40 45
6 31 34 41 45 47
17 19 21 28 34 37 39 46
9 32 37 40
12 15 19 32 40 41 49
2 8
3 8 14 27 40 46 48
1 14 36 41
17 19 45
20 21 33 36
22 44
2 12 37 40 47
3 22 31 44
10 31 41
4 20 22 27 30 34 35 37
2 14 22 35 37 44
10 18
11 25 35 41
8 12 20 21 25 39
6 16 27 32
8 12 14 20 34
2 3 6 13 29 31 33 46
22 31 47
7 10 21 50
3 9 14 25 30 34 47
3 20
3 6 7 20 22 30 34 43
13 14 20 21 41 49
18 21 35 50
1 8 10 11 18 49 50
7 14 23 33 35 36
10 19 37 46
5 20 40
2 4 9 29 31 44
4 25
12 26 38 39 46
13 20 22 23 29 40 45 50
30 49
6 30 45
20 42 44 46 50
10 15 17 24 40
22 43 45
2 5 8 31 32
11 19 23 30 50
7 9 26 33 46 48
5 20 26 30 35 42
11 16 31 36 40
14 22
22 28 35 37 45
5 43 48
7 8 21 30 32 36 38 39
5 20 26
39 44
4 32 42 43
9 38 49
1 10 19 29 35 43 48 49
13 14 21 29 37 44
6 20 23 28 44 46
33 40
1 4 9 19 24 36 46 48
2 19
21 26 38 41 45
14 25 28 35 43
9 13 24 25 36
9 19 43
5 42
32 43 47
6 9 42
12 28 30 33 39 40 45 50
12 15 23 25 28 29
32 37
3 18 24 27 33 35 37
8 24 31 38 46 50
34 47 49
6 16 31 34 40
5 35 38 41 43 44 50
1 4 22 30 31 35
22 23 27 37 47
3 11 39 45
4 11 17 31 37 38 41
19 43
19 32
5 18 33
17 18 40
8 10 12 29 38 39 43
3 12 16 17 32 34 45 50
10 39
16 25 27 29 32 41 43 49
23 37 47
4 8 11 17 26 30 49
31 35 48 49
17 25 31 44 46
1 19 25 28 29 44
3 7 23 35 41 44
7 18 22 42 47 49
16 26 30 38 44 47 50
12 21 22 36 44 45
1 5 7 27 34 46 50
15 17 19 47
2 40
39 43
6 8 39 41 46 49
12 37 42 43 49
5 12 17 19 30 41 43
28 43 45 50
5 11 18 50
4 12 17 22 25
13 32
7 10 12 32 42
7 14 17 28 29 40 42 46
5 37
1 2 3 10 29 32 41 42
10 22 26 45
33 46
5 26 28 47 50
1 25 45
35 37
4 20 26 44
6 19 22 24 30 35 50
3 12 36
7 13 20 23 25 41 45
29 41
2 3 13
5 25 32
2 3 20 22 29 32 35
3 8 26 47
10 30 34 35 38 42 43 44
3 48
2 3 31 40 42
1 4 9 12 20 41 42
5 7 11 38 40
5 13 15 39 40
21 26 44 48
3 9 14 21 35 37 38
5 8 10 18
24 36 45
3 7 9 16 38
1 2 6 11 25 32
6 42 46
27 31 45 50
10 18 41
12 16 27 40 45
6 12 32 40 41 46
1 16 27 36
7 34
15 33 35 49
4 8 10 13 14 18 41 43
3 4 11 12 43
14 17 19 28
3 4 7 30 35 49
2 32 33
16 47
13 21 27 38 44 49
7 8 13 15 16 21 25 27
31 38
10 28
9 12 24 25 30 50
3 9 13 18 22 23 37
8 9 27 30
11 15 19 22 39 40 41 46
6 14 15 27 32 34
1 18 28 30 47
21 28 38
1 3 10 27 37 46
3 26 28 31 33 34 50
6 16 32 36 49
9 14 16 19 23 27 47
2 31
30 37 46
30 50
1 12 24 26 30 41 46 50
25 45
3 18 19 28 40 45
4 6 14 22 40 44
4 8 24 25 30 40 50
12 24 36 42
9 14 16 22 35 46
14 15 21 31 38 45 48
18 28 33 44
23 24
8 31 33 34 46
5 19 24 29 35 40 44
5 6 12 19 26
8 18 45
2 10 14 34 41
9 23 31 35 44
2 13 19 42 48
15 34
22 27 38 42
21 29 32 34 36 38 43 45
9 11 20 37
19 24 31
19 23 30
11 12 19 35 46 49
3 8 16
9 12 14 17 24 29
3 10 21 23 24 29 43
8 20 35
10 21 30 32 50
35 48
19 31 42 46
8 10 22 29 31 37 43 50
8 36 44
26 40
4 6 21 23 39
15 34 38
2 6 35
6 13 21 26 32 33 43
4 10 24 26 33 43
1 19 24 25
6 20 29 36
11 19 27 28 29 48 50
6 38 39
20 31 34
38 49
1 27
12 27 30 36
3 9 12 13 19 25 32 36
1 2 15 20 30 32 36 38
8 20 31 41
12 16 19 27 32 42 45
18 49
39 48
17 28 31 37 41 44
2 8 17 24 33 37 47
4 9 10 21 30 45
4 18 24
4 5 19 23 34 41 48
12 41 50
11 21 35 44 47 49
7 24 44 45
1 9 10 19 23 34
7 10 11 14 22 27 32 33
8 13 34 35 36 40 45 49
2 5 8 9 31
9 24 29 45
2 12 20 22 46 49
9 10 45
6 9 14 28
2 50
3 7 13 28 33 38 43 49
3 5 8 17 20
7 8 12 13 14 38 39 43
6 10
11 16 23 33 40 50
1 5 7 14 34 38
1 11 35 49
31 33 46
7 12 23 29 38 44 49
8 14 15 27 33
8 30
24 32 49
3 6 8 21 32 47
20 30 39 48
19 27 36
5 31 44
1 32 44
6 29 34 43 44
26 38 45
5 11 13 22 24 39 47
15 28
38 46 49 50
23 26 42 49
10 18 26 30 32 33 39
17 32
2 9 41
2 4 5 12 25 32 44
5 7 10 20 21 40 47
13 19 30 32 33 43 45 50
2 3 22 28 35 49
3 21 25 29 30
36 43 50
9 11 20 25 28 32 49
32 35 36 43 44 50
4 11 31 33 36
25 32 38 40
2 3 4 9 19 21 24 38
2 7 22 25 28 38 41 48
4 23 27 43
16 20 42
5 45
11 22
3 21 28 30 37 43
2 18 31 38 45
7 21 25 37
44 45
32 33 43 49
20 24 40
5 32 41
4 17 19
6 15 26 38 40 46
5 18 22 31 34 37
5 23 42
13 20 21 28 35 43
17 30 33 40 43
2 41 46
12 14 18 30 32 37 41 43
4 13 28 34 37 40 41 47
10 16 44 48 49
5 14 18 21 27 28 41 49
11 16 17 26 39 44 46
2 13 16
3 28 32 36 42
2 9 18
2 3 12 18 32 36 42 43
5 6 20 21 24 27 39 43
8 9 16 37 47
34 43
6 8 16 17 21 32 34 39
7 10 14 16 25 28 38 48
18 27 29
4 8 21 24 32 35 38 45
10 16 18 31 44
2 20 24 42 46
43 48
16 17 20 25 36 41 43
1 8 16 25 26 29 35 44
6 16 20 49
3 11 18 21 27 29 41 42
7 11 22 27 28 31 32 50
5 21 23 27 36 39
2 4 12 41 42 47 49
1 9 13 20 21 26 41 42
8 11
9 27 39 42 44 46
9 12 17 31 48
6 12 13 19 21 24 26 27
2 15 36 37 40 41 42 48
13 30
4 11 17 26 28 39 40
11 24
1 46
8 30 32 44 50
9 13 14 18 19 25 32
12 13 14 19 27 39 44 50
2 10 16 17 19 29 40 46
1 6 30 31 42 44
14 21 25 26 28 39 44 45
7 36
16 22
39 43 46 48
17 33
9 20 24 26 43
12 38
22 32 33
6 21 46
3 8 10 17 21
18 19 24 28 48
11 17 21 28 34 49
10 29 32 36 41 43 49
4 10 15
17 31
3 8 23 28 29 30 32
8 10 30 32 47
6 12 14 19
14 18 33 37 38 43 46
5 12 16 27 37 50
2 7 8 19 22 44 46
7 10 21 38
30 46
1 18 39 41 43
40 42
9 14 37 47
4 5 19 21 25 36 39 42
12 16 17 26 50
11 14
8 10 19 20 26 32 42 48
7 9 20 23 39 43 44
13 18 25 29 31 32
6 12 24 28 40 50
3 6 22 28 30 33 44
10 32 34 41 42 44 46
19 30
20 31
16 20 44
4 5 19 36 37
7 27 28 30 33 50
2 6 8 17 23 33 38 50
3 12 26
20 21 38 46 47
12 14 17 22 29 40 43 45
2 7 17 28 35 39 44
1 8 11 31 42
20 26 32 39 40 43 48
20 26 44 45
1 9 13
2 10 13 14 31 42 45 50
28 35 41
20 50
2 28 31
10 45 48
2 16 29 31 38
4 22 26 37
41 46
32 38 39 47 48
3 26 32 33
4 15 32 34 40 44 46
5 18 21 36 37
8 31 32 40 42
2 11 19 28 45
15 23 29 33 38
9 19 25 30 43 46
11 14 24 31 40 42 44 48
6 9 12 13 31 43 48
7 16 20 27 32 50
2 4 17 23 44 48
3 5 33
8 15 32 36 40
3 23 36 50
33 39 45
4 7 8 29 30 40 45
3 7 8 11 14 33 36 41
19 46 47
7 10 22 24 32 33 42 47
13 29
1 11 16 19 22 31 33 50
24 27 46 49
9 10 15 16 27 34 43
24 27 30 34 44
1 10 34 46 50
21 22
3 4 10 11 26 28 42 43
41 46
26 27 44 45
1 18 20 21 23 34 47 48
26 29 45
35 40 42
3 6 13 20 23 26 42
9 25 47 48
6 14 19 20 33 36
2 11 41 49
8 16 17 20 28 33 35 38
4 8 17 23 24 33 41 42
1 20 30 37 48
37 38 48
15 19 20 23 35 39 43
7 9 16 21 25 34 46
7 10 13 24 28 30
4 6
14 29 31
26 34 38 44
17 26 32 38 41 50
11 27 32 45 47
9 30 32 33 46 50
14 45
3 11 24 36 48
8 19 24 27 37 49
8 10 20 24 47 48
2 4 10 27 38
12 14 32 48
23 36
3 20 22 27 29 31 37 47
9 33 39 47 49
10 29 43 47 49
40 43
15 22 25 26 35
2 6 11 18 29 42 48
8 20 36 42 46 49 50
13 40
4 13 31 34 37 49
8 43
2 14 18
6 21 26 29 35 38 39 46
2 32
2 12 21 27 34
6 7 8 35
10 12 17 50
20 27 44
21 40
4 46
7 10 17 21 27
4 8 13 16 32 38 39 47
4 8 18 21 25 30 33 36
2 31
2 7 15 18 36 38 44
6 9 20 27 29 36 37 42
10 11 14 16 24 35
1 3 29 30 36
1 4 11 42
17 25 39 44
3 11 14 19 33 35 38 41
6 20
8 9 14 18 28 36 47
17 21 22 29 41 44
21 22 43
2 9 22 39 45
31 39
12 44
6 26 32 35 45 46
2 5 8 29 35 43 44
1 8 12 23 25 39 45 50
1 13 15 29
6 13 18 23 40 41 44 46
3 15 18 24 32 46 47 49
1 13 41
18 37
11 13 36 43 48
5 9 12 37 38 39 44
15 17 37
2 13 18 35 44 45 48
1 30 36 44
4 18 21 27 28 42 44
3 15 24 30 32 34 50
21 27 29 35
2 6 13 22 37
5 11 13 16 20 22 28
2 7 28 31 38 41 48
7 16 17 31
4 16 22 34
7 8 29 38 39 40 41 48
3 25
4 5 9 20 29 40 45 47
4 5 7 36 44
7 25 26 40
39 40 43
7 25 28 30 40
2 13 22 30 34 38 44
1 39
9 13 17 33 37 41
12 29 31 40 47
3 4 9
20 23 28 33 38 42
10 19 20 22 24 31 39 50
4 10 16 38 43 44
4 13 23 28 36 41 45 46
13 31 43 45
22 37 38 40 45 49
3 7 11 22 30
1 15 41
14 16 31 40 48
1 12 14 24 25 26 45 48
2 8 10 36
13 24 38 41 49
13 19
12 17 47
2 7 12 13 16 17 36 48
8 9 14 20 22 25 42 44
11 24 43
5 8 9 10 13 28 40 46
21 24 25 28 39 45
3 40 49
10 19 35
4 18 41
6 14 31 32 33 38 40 43
25 33 49
12 21 24 30 32 33 34 49
18 26 31 32 38 46 50
3 13 14 15 16 29 38 42
20 25 28
17 24 36
6 19 49
3 15 23 30 33 38
27 28 29 30
2 12 15 18 21 25 29 32
5 6 19 23 33 35 46
15 18
5 24
13 17 22 44 49 50
9 13 18 39 44 46 50
1 19 20 50
1 26 31 33 38 42 47 50
14 15 26 31 34 47 48 49
6 21 22 30 36 47 48 49
14 27 29 45 50
1 2 9 20 24 36 37 47
15 22 23 26 27 28 43 44
2 21 37 38
10 22 37
5 14 25 26 37 39 47 50
7 13 22 31 37
6 7 11 12 20 36 44
2 5 12 13 25 32 39 45
15 19 43
4 30
1 11 21 26 27 49
27 31 35
9 14 20 28 46
20 37 39
33 44 46
1 10 13 29
16 22 26 30 32 34 37 39
3 6 19 30 42 48
12 16 20 26 27 40 46
12 25 28 30 43 47
26 45
11 18 41
5 43 45 47
8 24 27 36 49
7 11 14 17 21 27 29 33
2 30
22 25 26 30 44 45 48
1 3 8 17 46
30 32 43 48
6 36
2 9 11 18 29 31 46
12 19
1 5 11 26 43 48
12 23 29
3 4 14 29 35 44 45
7 20 25 34 42 43 46 48
1 39
2 6 13 16 24 25 48 49
1 22
5 7 11 15 43 45 50
7 21 33 36 41
8 14 15 26 28 35
21 23
26 42
14 25
5 18 43
3 5 14 20 24 27
7 11 35 37 46
21 39
9 12 22 25 41 44 45
2 5 22 29 31 38 39 43
1 15 33 38 41 48
40 49
16 28 48 49
4 6 9 19 24 32
14 25 42
29 39 47
18 21 42
2 15 19 22 27 42
4 14 35
15 21 25 34 39 44 45 47
1 5 13 32 41
6 9 10 12 14 36 38
6 28 33
11 13 16 47
16 20 39
6 13 18 29 31 41
11 25 28 29 31
2 10 25 28 31 48
6 10 12 20 35 36 39 49
19 20 25 30 36
5 9 22 31 46
1 13 33
24 25 26 27 48
5 27 38 42
25 37
17 28 49
24 32 41 45 46 47
3 16 25 28 31 47 48
2 10 42 43 44 45 46
10 16 17 30 39 44
1 6 8 11 25 26 42
13 34
17 28 45
20 25 27 35 38 43
37 41
1 10 14 18 20 26 45 48
1 5 7 27 32 34 45 46
11 12 28 47
9 13 46
8 29 33
4 12 13 14 17 27 48 49
6 7 11 19 40 41 46
5 18
16 38
1 4 7 44 49
1 3 7 14 34 38 43 50
18 22 31 32 34 49
16 21 22 24 44
4 7 22 23 25 26 40
2 9 26 45 47
18 34
29 40 43 44
1 13 21 27 41 43
3 15 21 24 29 44 48
6 23 26 40 48
7 25 43 45 47
10 13 33 34 37 46
6 20 32
8 11 16 29 30 31 35 43
11 43 49
28 46
21 25 50
17 43 47
6 8 9 32 35 41 43
5 15 22 25 37 39 42 44
8 15 17 19 28 36 48
6 22
8 37 48
21 25 37
4 13 35 38
9 21 24 44 50
1 7 15 26 35 38 39
10 15 19 32
10 19 39
8 18 20 21 33 45
14 19 32 41 46
10 22
4 12 15 20 26 32 45 47
26 36
23 26 31 44 49
34 47
13 26 36 45
21 38 49
9 11 20 29 30 37 42 46
10 13 14 48
24 47
10 44
4 7 11 23 44
4 8 33
10 28 38 41
3 8 16
12 20 39 42 45
6 18 25 30 42 43 45 49
1 6 8 24 29 46 47
2 15 33 37 38 43 45
7 38 45 48
20 28 31 42 45
5 7 21
2 26 45
5 32 34 35 38 49
8 12 14 39 42 43 49
29 36
3 9
6 11 42
3 6 8 49
11 24 28 35
3 20 34
9 21 29 32 35 37 45
14 33 35 39
3 10 13 14 16 20 50
9 14 18 23 36 38
5 17 25 36 42
6 17 28 30 44
5 14 18 41 47 48
24 37 46
10 11 21 25 27 28 33 39
5 8 16 18 35 47
5 6 22 24 41
1 7 10 15 18 25 48 50
8 12
7 20 23 32 34 37 38
4 7 11 18 21 39
23 44 48
9 17 26 31 38 39
9 10 25 33 43 46 48
4 16 18 24 41 44 47
12 23 29 30 46
15 18 19 28 34 46
6 20 21 27 41 46 50
4 6 11 16 19 37 49
1 28 33 44 47
32 33 35 44 45
1 13 40 46 48
16 23 34 35 43 44 48
29 39
5 9 12 15 24 34 49
4 25 28 32
8 16 22 44
8 14 17 19 20 31 48 50
14 20 26 33 37 41 42
1 4 23 32 40
1 7 20 22 23
1 7 12 23 26 28 32
33 34
1 8 10 32 50
24 26 31
12 18 28 35
9 11 23 29 43
23 46
13 19
26 27 48
11 43
8 18 27 32 43
9 21 44 46 49
7 8 9 25 47 48
10 23 33
1 4 16 22 28 39 44 50
6 19 28 32 49
10 12 16 18 33 47
7 13 16 17 28 31 43 45
10 12 13 38 41 47
9 26
2 10 13 28
4 6 25
15 20 22 41 45 47
4 20 28 33 42
18 23 24 46
4 12 21
4 43
18 19 31
12 28
7 8 20 22 24
9 22 24 34 36 38 47
14 16 18 42
6 7 9 41 48
3 38
5 7 13 29 35 40 46 50
13 31 47 49
3 9 10 13 17 27 36
24 29 41 46
5 27 31 33 34
18 39 45
3 4 37 45
5 11 26 32 33 35 44
14 18 25 26 33 36 39 49
11 37
1 30 33 34 45 48
15 18 19 46
11 15
3 10 16 18 19 41
4 14 16 42
1 42
6 17 21 24 36 39 46
4 19 21 40 41
2 12 15 17 18 23 35 47
47 48
14 17 29 36 39 41 49
14 18 38 41
15 29 47
6 10 31 32
12 13 32 37 47
2 11 12 19 20 26 44
5 10 28
7 26 34 42 47
1 2 7 25 39 46 49
1 3 6 9 16 18 42 49
1 6 7 22 35 39 49
31 37 49
4 10 11 16 20 22 31 35
2 3 7 8 19 35 50
1 2 10 15 27 47
10 15 19 23 42
7 8 11 15 32 46 49
5 8 22 40
3 39
22 28 34
10 28 44
7 18 19 23 32 43
1 5 10 46
10 21 25
5 8 10 18 28 31 37
9 12 25 50
28 31 32 45
9 16 22 25 41 42
32 35 46 48 49 50
6 27 34 38 46
1 6 15 16 24 45 48 50
2 4 8 9 23 24 31 36
9 10 16 19 27 30 36 50
4 8 9 10 15 25 45 48
4 7 24 28 38 43 45
2 10 11 24 39
5 16
9 10 12 27 31 34
22 27 29 42 47
4 8 10 42
1 11 12 26 33 49
17 20 30 33 36 37 46
6 11 18 25 34
4 12 14 15 26 40 49
5 21 30 31 42 45
4 11 24 25 42
5 7 18
2 11 16 19 22 50
5 14
20 49
3 6 13 16 18 41
3 4 21 31 37 50
1 19 23 49
9 13 21 23 26 47
7 27 33 48
2 3 10 25 31 38 47 50
10 30 44
6 10 14 15 42 44 46
22 34 39 42 47 50
3 9 19 22 24 25 28 40
5 39 40
1 7 10 20 32 41
6 7 11 19 21 30 32 45
6 23 24 37
30 46 50
9 17 29 42 49
3 19 24 26 27 32
9 21 24 29 33 40 48
3 17 27 29 33 40 44
16 48
7 10
5 11 15 26 37
6 23 30 35 42 43 46 50
6 12
13 22 26 28 50
14 22 32 39
18 30
10 14 21 31 41 50
39 50
24 28
2 4 14
6 12 17 41
18 26
27 29 34 46
4 6 12 17 20 22 28
23 27 31
11 23 28 45 48 50
1 5 13 36 39
1 10 21 43 47 49
8 10 21 32 44
1 29 34 47
3 7 13 14 29 38 41
11 14 23 25 35 39 46
1 2 20 24 37 45 48
8 23 27 30 32 42 45 49
8 12 22 28 30 34 35 49
11 36 39
19 25 43 44 45
6 7 19 40 45 46 47
27 40
7 35 40 48 49
3 19 33 38 43
15 30 50
8 13 23 30 31
1 15 24 26 33 42 46 48
17 20 27 43
3 27
10 24
11 16 21 22 28 37 39 48
4 13 26 40 42
9 12 25 41 47
11 15 28 34
8 9 26 33 37 41 47
2 6 11 14 21 28 36 46
2 6 10 35 38 40 50
2 9 30 47 48
12 15 16 20 23 42 50
4 16 17 25 43 47
10 41
7 8 30 38 39 48 49
5 6 12 17
2 5 7 14 24 26 27 32
5 14 21 25 27 41 44
1 11 12 20 37 41 43 49
3 8 22 23 31 35 39 40
17 34 48
2 35 39
8 10 14 24 33 49
9 21
45 47
6 13 18 31
19 28 30 32 33 36 42
12 13 17
7 11 20 38 50
18 21 28 29 32 39 49
25 39
23 24 37
3 5 11 17 27 29 33 38
2 8 23 26 34 42
5 12 14 16 21 23 28 43
8 10 21 50
1 22 45 46
5 15 21 36 37
7 14 34 39
5 39 43 46
13 21 27 28 44 45 47
3 8 18 27 29 32 45 50
2 16 21 25 37 38
37 42
3 9 19 26 35
22 42
7 31
6 18 20 21 23 26 36
4 20 26 40 45
7 8 24 40 42
1 4 9
15 28 45 47
13 47
1 3 4 8 17 35 45 47
17 22
8 9 11 18 25 30 38 45
10 27 38 49
8 16 34 37 43
6 15 18 21 31 32 47
6 16 19 23 36 42 43 46
1 4 5 14 32 43 50
7 13 22 25 32
20 21 30 33 34 38 42 49
7 9 15 24 25 29 33 40
13 26 50
11 20 28 44
2 7 8 10 16 30 50
2 18 31
6 8 17 23 36
10 14 26 28 33
4 18 24 29
25 42
13 19 26
18 28 32 34 39 49
4 8 15 16 42 47 50
5 7 16 18 35 50
7 26 45 46 47 48
11 14 18 23 32 45 47
19 39 46 47
12 33
11 16 20 45 48
1 5 10 11 12 22 30
2 5 12 17 22
1 23 31 38 39 49 50
2 3 8 16 19 31 37 44
7 10 11 20 33 47
17 23 32 35 48
1 23 24 30
8 18 22 31 34 39 43
2 10 15 27 41 43 48
2 16 37 45 48
6 13 14 48
7 18 29 34 35 41 44
22 23 26 44
3 13 18 20 38
8 22 23 28 30 37 40
1 32
10 19 34 40 44
1 5 11 19 20 32 47
14 19
4 32
23 28
9 17
33 36 43 50
18 46
3 6 13 15 19 28 38
16 25 41 44
7 12 17 20 39
9 21 38 44 50
9 13 27 36
6 20 37 41
7 9 12 25 28 34
21 23 30 33 44 46 47
2 27 30 36 50
9 49
16 24 33 38
4 9 19 26 35 37
1 4 6 30 34 46 49
7 19 22 31 37 39 42 49
4 8 14 33 38 44 48 50
32 36 48
10 41 44
1 13 20 32 40 45 47
1 10
7 34
2 7 31
4 8 20 26 31
16 17 29 35 40 43 44 47
2 10 12 41 48
33 45 48
19 31 43
18 24 25 26 32 43
2 10 19 27 28
25 37
3 20 40 42 43 48
9 23
1 11 18 23 30 33 45
25 33 34 46
10 23 42
9 18 22 30 37 43 46
5 25 31 39 42
9 17 33 34 43 46
5 23 26 38 40 50
11 47
7 43
7 12 15 16 21 31 47
3 4 5 8 17 27 40 49
2 7 12 21 24 29 39 41
36 37 41
17 29 32
11 13 48
2 6 7 13 34 38 41 43
1 9
5 12 22 27 35 37 42 44
13 14 31 33 37
5 9 36 40
5 6 25 37 41
4 7 8 15 20 32 34 39
2 15 17 19
5 11 19 23 35 37 49
4 20 26 33 34 35 40 49
2 3 17 22 31 42
4 13 22 49
22 36 47
5 32 37
3 5 23 27 39 40 49
3 7 9 18 31 47
15 23 28 33 42
2 4 15 50
2 25 36 39 44 48
25 50
8 9 28 36 45 49 50
24 40
4 22 28
1 6 38
3 35 37 48 49
4 5 9 12 16 29 47 48
21 23
9 16 19 26 31 39 43
5 14 17 23 32 35 50
20 24 36 46 50
16 18 21 33 34 35 42 45
23 27
6 9 14 18 34
8 14 36 48
3 10 16 29 30 42 45
3 32
6 20 25 38
2 25 32 40
3 14 15 25 29
3 4 20 28 35 43 49
39 49
2 14 17 22 28 38 40 49
4 7 19 25 36 44 47 48
28 34 37 47 50
25 30 48
1 18 44
16 50
3 22 26 37
17 18 24 43
1 8 20 21 37 39 43 50
1 2 3 12 29 30 48 49
4 14 27 36 41
18 40
5 12 17 29
9 15 32 41
4 40 42
3 42
3 15 21 29 33 36 38
2 3 17 23 35 44 50
5 7 23
5 8 14 16 33
5 24 27 28 42 44
2 21 39
24 27 31 42
2 3 10 11 19 24
7 39
14 21 23 25 33 38 46 49
43 47
5 6 15 42 49
27 35 36 37 41 47
4 29 31 34 39 43 45 50
13 16 19 37
15 24 50
8 16 45 48
5 6 23 24 27 33 36
15 27 29 31 37 39 48
9 16 27 38 43 44
8 19 21 22
10 27 32 33 37
1 8 11 12 13 17 27 30
2 3 7 9 28 31 48
9 33
9 23 26 28 45
8 19 46
3 5 7 22 23 38 39 40
19 28 29 41 48
6 9 12 33 38 47 49
24 38
12 21 25 29 33
7 15 20 50
4 34 37 38
3 10 12 19 21 25 28 48
18 21 34 37 40
8 11 18 19
11 15 17 19 39
10 18 43
33 36 49
3 39
1 2 13 14 24 32
9 28 29 30 34 47
8 46
6 9 17 18 32
6 15 47 48
11 18 22 33
5 21 33 44 45 46 48
7 13 21 34 46
1 3 9 16 41 48 50
13 15 17 31 44
9 12 19 32 47
1 5 6 14 28 34 47
3 12 14 27 40 46
16 23 25 38 41 49
12 15 19 20 43 50
23 26 35 39 41
7 8 15 49
16 21 28 29 43
21 30 43
9 26 45 46
2 16 18 19 27 32 39 44
4 27 36
21 26 27 44
4 17 18 26 32
3 20 29 41
11 35 37
8 9 22 35 39 40 41 48
2 6 22 23 25 36 46
4 11 13 14 24 34 35
11 15 19 24 46
1 14 16 36 47
2 3 7 26 32 33 34 49
2 15 20 41
18 48
5 6 9 18 25 26 42 44
1 2 27 35 46 47 49
7 38 48
20 21 39
2 13 18 20 30 48
25 31 37 42
6 15 18 27 36
16 33 35 45
32 47
7 35 46 49
2 26 37
7 24 31 37 42
6 7 10 41
14 32 38
10 26
4 15 17 31 32 34 37 47
3 10 22 48
1 14 18 27 37 39 45
16 21 30 32 35 42 47 50
6 7 28 36 47 48
1 9 11 34 49
8 13 29
9 11 32 34 41
1 8 19 26 28
18 21 24 34 37 40 44
10 19 34
17 24 30 31 34 39 40 46
9 11 47 48
1 10 12 21 27 31 50
20 45
7 35 45
4 7 30 40
5 23 41
1 23 41
19 28 38 47
17 26 40 50
5 10 13 38 42 43
7 9 12 14 17 18 37
22 25 37 38 39 42
1 11 14 15 31 40 43 48
10 40
1 21 31
9 33
20 21 31 33 43
25 26 36
6 20 21 23 31 34 47
10 11 14 18 28 36 41 46
8 17 36 44 45
2 12 23 24 30 43 50
13 36 40
1 12 13 48
1 13 34 38
7 17 24 33
3 18 31 42 48 50
45 46
2 4 37 41
12 30 31 32 41 42
2 3 7 9 10 12 24 40
4 8 29 41 46
7 13 18 35
2 11 21 22 44 48
1 24 26 27 34 43 47
13 49
6 18 47
3 13 18 39 45
1 12 20 41 48
8 22 23 30 37 45
6 8 12 30 47 49
2 38 41 50
1 6 14 16 20 24 30 41
4 9 13 19 20 25 48 49
9 21 27 37
12 13 17 18 19 29 45 50
23 24 38 42 50
3 11 38 41 44
14 35 37
14 19 42 44
6 14 18 33 36 48 50
3 17 30
9 12 30 31 41 43
24 25 37 43
21 45
1 11 22 23 27 31 45
12 23
12 30 35
30 37 38 40 45
16 17 22 24 26 31 39
3 7 15 20 26 27 33
2 11 18 26 33 37 38 45
9 13 34 37 45 46
4 6 10 11 20 23 26 30
10 43
6 12 20
6 10 14 16 28 36 44 47
11 31
31 36
7 14 16 25 30 31 43
9 21 49
19 21 26 28 35 39 44 47
32 38 43 48
12 39 50
1 22 24 33
5 9 15 26 42 49
3 14 20
22 25
10 19 28
3 17 27 31 44
26 34 44
6 7 23 44 47
1 9 11 21 25 26 33 37
32 42
4 17 20 28 50
29 39
22 31 46 50
8 12 28 35
1 6 10 13 17 22 38 44
3 4 19 28 30 40 47 48
4 17 24 30 32 39 44 48
2 19 44 50
12 19 23 27
3 20 21 39 41
3 35 47 48
6 12 35
10 41 47
18 23 30 40 45
3 5 21 24 30 34 37 47
39 41 47
6 22 33 41 47
2 12 17 26 48
6 8 13 17 20 28 37
4 16 24 35 37 45
18 28 49
3 33 39 43
18 19 44
2 9 14 27 43
21 30 39 41
2 15 46
5 19 40
22 25 27 30 35 38 39 41
1 21 22 23 29 49
14 32 35 45 48
3 6 17 25 26 37 43
6 14 23 36 48
19 20 21 49
2 10 11 30 38 40 47
2 19 27 28 32 36
8 9 25 35 39
8 12 14 19 37
14 23 26 27 36 46 48 50
21 24 41 50
21 33 35 41 44 45 49
26 32 49
11 12 26 29
22 35
7 12 25 27 38 42 44
2 13 15 40 41
6 27 33 37 39 40
11 16 37 40
2 6 24 44 48
11 13 24 25 30 33 36 42
13 31 46
2 5 19
16 29 30 39 44 50
8 11 12 22 30 33 39 42
1 3 5 47 48
5 8 17 25 27 31 34 35
2 4 19 29 31 35 46
3 24 26 33 41 42 46 47
7 8 10 17 49
8 10 11 22 24 27 43 47
5 7 14 17 22 30 31 42
16 17 19 22 29 45 47 49
3 9 10 17 18 37 39
2 15 24 37
11 19 20 37 41 46 49
9 10 19 29 44 45 47
15 17 25 41
1 10 14 17 20 24 38 49
11 23 26 31 34 40 42
21 24 25 32 33 34
12 31 34
1 5 15 22 43
10 15 18
8 13 23 30 32 37 42 47
34 48
3 7 13 24 26 41 43
5 6 18 35 36 47
16 17 34 37 48
12 15 16 30 42 45 46
5 6 13 18 36 50
4 14 15 16 20 38
4 7 21 30 35
13 31
6 7 13 31 35
20 32 39
28 38
13 29 30 38 40 41 42
18 27 39 49
12 19 22 31 33 42 48
16 18 22 35
8 12 20 29 32 41
11 31 32 33
28 49
22 29
7 12 13 14 15 20 35
21 31 34 50
10 14 20 21 37 40 44
11 26 50
11 21 31 34 42 43
15 17 18 20 24 27 31 47
22 23 47 48
20 26 28 37 49
26 49
9 23 30 42 50
13 46
2 17 19 21 24 28 46
13 14 36 48
5 7 11 16 18 29
3 25 31 38 43 47 50
18 38 39
4 7
18 24 29 35
9 31
10 27 47 50
6 13 20 29 36 37
35 37 43 49
2 5 9 19 34 45
12 14 15 21 24 29 30 48
13 22 44 46
2 9 39 48
4 26 27 28 32 34 46
2 3 28 37
5 19 21 22 32 35 37 41
6 8 11 33 35 36
5 13 30 40 42 44
5 10 12 18 22 29 30 42
2 22 28 30 34 45
1 2 19 25 40 49
10 15 17 28
13 21 30 35 42 43 50
10 13 37 46
7 12 20
3 5 9 23 35 39
11 13 14 15 20 21 28 43
14 23 50
8 25 29
4 14 25 29 48
13 14 25 38 50
12 33
8 11 14 32 34 39 49
6 13 14 21 24 27 33
2 8 30 33
7 23 24 26 27
5 6 15 20 28 42 45 48
2 3 10 18 21 25 31 42
1 9 37
9 31 45
14 39
11 12 27 40
8 10 12 24 43 48
14 32
17 21 24 40 41
2 3 10 22 27 31 46 50
11 34 39 47 49
1 23
5 27
9 27 29 30 35
1 9 17 20 21 31 41 47
7 40 43 46
9 13 15 37 48
10 15 43
7 16 19 26 40 46 50
12 20 43 47
18 30 34 37 38 43 47
10 24 28 43
3 4 12 13 25 41 48
3 16 41
1 21 23 31 37
14 17 26 29 30 37 40
8 18 42 48 50
12 17 22 32
7 22 34 43 49
24 28
9 35
8 30 36
20 23 29
6 12 13 26 33 49
2 10 13 15 23 34 39 44
4 15 24 34 35 47 49 50
7 11 41 44
10 13 15 28 35 40 46 50
19 26
9 20 21 27 30 31
17 46
4 5 14 20 39 40 47
10 11 31
11 26 27 38 42
5 15 23
8 26 47
10 14 18 21 29 44 50
7 8 20 34 39 41 49
20 29 43
5 10 22 30 40 48
17 25
11 28 30 32 38 45 46
6 7 34
16 24 28 32 43 45
7 41
17 18 22 27 33 41 47 50
1 6 7 46
15 32 38
7 18 43 46 50
25 34 37 39 43 50
7 39
7 8 16 24 37 38 42 49
3 23 26 46 48
3 26 28 29 30 34 37 41
2 12 37
2 7 19 27
16 17 18 23 29 44 47 49
17 30 41 45
36 42 50
6 12 22 23 26 32 49
7 15 20 21 35 48
12 21 25 26 32 40 41
22 23 32 46
2 11 21 49
20 33 38
12 19 26 35 36 49
5 6 13 39 43 46 48
9 10 17 22 23 26 35 46
19 48
3 6 15 16 21 29
2 18 43
15 16 45
1 10 14 19 42
31 40
12 13 27 36 37
17 24 25 26 37 41
16 21 23 24 35
9 16 21 35 38 45 50
7 15 21 31 33 35 39 46
15 18 30 36 37 42 45
28 29 32 38 40
2 29 36
4 5 10 23 31 44 46
18 47
2 39 46 47
9 14 26 46 49
20 35 44 45
27 33 37
1 4 21 23 35 38 40 44
5 50
27 34
2 12 13 16 39 42 47
6 7 8 22 26 37 44
7 9 12 22 25 27 31 45
12 17 28 46
12 17
15 23 42
22 29
2 4 17 36 39 47
1 11
1 21
2 5 24 37
32 40 41
7 10 14 23 39 44
10 12 29 33 46 50
3 40
7 8 12 19 20 23 38 44
7 13 32
22 30 40
5 8 16 22 25 29 36 43
13 16 32
4 23
6 7 34 38 42 43 46 50
26 34 35 37 45 50
9 13 19 21 29 49 50
6 25 26 28 32
7 21 31 36 40
19 32 44 50
3 6 13 20 37 38
21 42 48
2 4 13 20 23 25
28 44
3 12 24 33 44 45
12 30
5 14 21 32 37 46 47
1 3 8 14 25 45
16 43
15 24 25
10 39
17 28 37 41 43 44
18 42 48
1 13 18 25 27 32 49
1 3 26 41 45 48
15 43 45
5 8 11 12 32 35 50
17 44 48
17 19 35 37
6 8 9 13 26 32 36 48
7 31
3 12 25
5 10 16 24 28 29 40 45
3 13 14 33 43 50
1 37
12 17 23 30
4 5 10 19 25 26 33
13 22 41
5 29
10 11 19 34 36 48
8 44
2 34 35 40 47
3 7 10 15 21 24 44
1 4 25 37 50
15 49
35 37
31 42
16 19 25 29 40 44 50
10 17 23 30 31 41
10 12 15 19 24 41
2 11 24 48
3 10 15 20 26 27 30 35
14 23 26 27 29 30 41 46
21 22 24 30 43
14 34 47
13 37 46
24 27 30 36 40 43 47 50
10 14 26 31
4 20 27 29 40 42
11 22 36
2 12 14 28 29 45
10 12 18 37 43 44
10 13 21 27 37
9 48 49
34 40 48 49
7 44
1 2
6 13 21 23
5 20 24
22 29 31 38
7 11 20 36
8 27 35
11 31 36 41 45
3 7 8 10 16 29 43
2 11 25 31 50
2 12 24 29 37 38 49
5 6 12 22 23 24 37
8 10 20 26 43 44
6 19 21 23 32 39 46
11 13 17 24 27 38
2 21 32 34
16 42
3 22 28 29
6 22 30 36 43 49 50
1 40 48
20 25
3 18 25 44 45
24 27 28 33
17 23 47
18 19 32
6 8 21 33 43
5 7 9 12 16 24 46 49
1 5 6 16 22 47
10 38
4 7 8 22 30 40 41 43
6 12 48
1 4 6 14 15 28 44
13 21 31 34 41
12 19 31 32 39 44 46
1 4 6 12 13 29 33 48
13 35 37
5 11 12 13 15 21 49
19 27 33 38 39 41 49
16 17 23 34 48
4 5 11 17 19 44 46
4 40 47 49
44 49
44 48
24 38 45 50
5 17 21 23 29 37 47
20 21 32 49
3 11 13 15 23 38 45
10 21 26 29 30
2 9 21 25 27 49 50
1 24 26
2 7 10 12 14 38 43 49
2 10 13 18 22
11 15 18 20 36
11 28 32 39 47
4 5 7 21 23 31 39
16 32 34
1 11 20 32 41
8 20 28 39 40 44 48
9 19 22 24 45 47
2 5 24 27 29 31
15 21 45
13 18 22 31 36 37 47
15 37 41 46
2 16 31 32 37 50
6 7 10 21 25 40
5 18 30 39 47
10 13 18 46 50
1 4 15 16 21 31 41 50
10 18 21 31 32 36 40 45
8 13 39 42 47 50
4 13 16 19 33 34 48
1 14 17 20 45
2 27 42 49
10 29 30 50
11 29 36 39 49
18 30
30 39 46
9 21 38
4 21
10 21 24 25 47
28 41
12 21 26 40
3 4 19 21 33 37 48
5 7 9 10 34
6 16 22 23 24 27 49
4 5 26 27 32 34 35 42
6 8 10 11 14 29 36
4 16 42
4 42
3 9 10 15 49
21 25 41 49
33 49
2 27 43 45 46
3 13
14 15
1 6 23 38 45
1 10 11 14 26 35
18 19 24 25 33 36 40
13 17 21 22 39 47 49 50
19 42
29 39
3 8 12 14 25 26 33
13 14 20 37 44 45 50
4 15 20 24 30 37 41 42
2 20 33
12 14 22
11 21 25 26 30 39 47
16 19 36 39 43
1 2 4 7 40 49
20 29
4 7 11 14 24 37 42
5 18 24 27 48
20 50
10 20
8 14 41 44 48
1 6 8 12 47
2 18 36 38 45
5 10 14 45 47
2 3 25 32 44
1 3 5 12 27 30 37 43
2 13 18 19 31 43 47
1 3 13 16 29 37 42 45
4 15 19 32 45 46
24 39
11 24 31 35 36 43 47 49
23 27 41 48
10 19 23 24 26 30
6 17 24 27 28 35 39
23 29 30 42
3 10 11 22 33 39 41 44
9 11 14 37 41 48
8 27
1 3 7 17 34 37
11 15 22 32 44 46 48
24 26 36 47
7 15 23 26 27 37 45
1 10 13 30 33 42 45
5 10 16 20 45
7 14 35 41
2 19
12 44 50
17 29
1 23 26 43 45
14 22 24 25
3 31 38 40 41
21 32
17 45
7 25 28 35 38 40 45 49
2 3 6 25 31 32 50
6 16 41 46 47 50
16 22 25 39 48
20 21
1 7 9 14 27 29 40 46
2 5 12 29 30 33 44 48
4 17 25 35 37 38 42
3 11 12 19 29 32 34
5 8 10 22 28 44
1 16 25 32 50
3 25 50
15 22 44
7 8 11 15 29 32 45 46
37 39 48
2 24 28 32 45
3 7 24 27 31 35 41
5 6 28 36 45
8 9 16 23 26 31 33
6 12 37
17 24 35 36 43
12 43
3 8 13 15 36
9 26 45 48
1 4 8 33
1 9 18 20 21 34 38
13 14 31 43 45 46 49 50
25 36 41
5 9 10 33 43 49
5 11 16 33 37
4 15 17 24 27 28 41 50
2 13 21 24 26 29 43 49
9 15 27 31 33 40 42 48
16 34 39
2 5 28 39 50
6 36
3 18 24 26 30 42 47 50
20 21 35 39
25 32 36 38 45 48
6 9 22 31 37 43
34 35 40 41
18 19 39 41
16 21 37
13 20 22 34
17 28 39 43
9 13 19 24 40 44 45 48
12 14 21 30 34 38
14 16 19 39 41 47 48
24 32 42
18 30 31 37 46
5 10 17 39
25 36
5 13
18 30 33 36 38
4 13 18 28 41
7 8 21 25 28 31
8 24 49
5 18
7 9 18 28 35 44
37 43
8 22
15 16 18 19 28 40 46
10 16 18 23 36 49
11 14 15 21 25 38
2 6 11 18 37 40
7 16
16 30 40
7 15 18
20 28 43
6 7 14 15 25 27 29 39
10 25 40 48 49
35 49
28 32 44
2 21 32 33
10 14 24 29 39
11 14 25 26 44 45
16 18 23 26
25 31 39
2 5 16 29 37 42 45
2 23 24 25 28 32
6 15 17 23 28
11 15 17 31
3 13 24 25 34 39 50
4 6 11 15 36 40 46 49
17 34
10 19 28
5 11 12 15 20 27 34 49
4 12 19 36 37 42
2 11 13 16 39
7 50
8 10 12 24 30 35 36 50
1 16 21
2 4 9 18 26 33 47 49
10 31
24 37 39
8 12 16 30 46
39 41 49
9 25
30 32 34 44
26 30 34 35 42 47
37 39 46 48
3 9 11 17 27 32 33 34
24 39
27 39
2 20 21 24 32
2 9 10 14 28 29 38 41
2 10 15 16 17 20 26 29
9 14 24 30 46
10 16
19 24
25 28 30 42
3 19 23 31 33 36
22 23
1 7 11 33
2 4 14 18 33 36 46
2 22 24 26 29 40
19 21 24 40
3 8 28 29 32 33 34 38
5 10 22 25 33 37 48
6 10 13 18 41 47 50
3 15 18 20 26
13 27 37
10 17 28 36 37
5 11
5 15 31 47
8 32 44
17 22 24 30 31 40 47
21 22 36 41 43 48
43 44 46
2 15 16 18 39 44
18 20 22 32 33
20 38
10 36
7 10 15 16 30 33 35 45
22 26 27 37 48
11 16
4 5 21 43 50
2 10 27 28 31
8 16 20 32
14 16 26 28 38
11 22 40
6 7 21 25 38 47
1 6 10 28 32 35 42 48
1 31
9 19
3 6 23 37 43 44 45
3 7 22 38
1 40
7 11 18 19 26 32 38 40
19 40
30 39
42 45 50
32 39
3 11 19 22 26 31 43
19 20 33 42
14 16 20 21 43
3 4 6 10 46
7 10
5 10 47
16 21 22 27 28 31 38 45
14 20 36 38 43 47 50
3 5 11 13 23 24 26
17 25
9 21 26 29 30 32 43 46
12 21 28 37 43 45 46
3 6 10 11 17 22 27 32
32 33 39
12 27 47
1 22 24 40 41 46 47 48
31 50
10 14 22
26 34 38 40
28 47 50
19 35 36 38 47
19 22
5 27 31 38 41
15 21 29 37 38 49
3 15 42 43
1 17 26 34
15 29
1 4 5 18 28
2 20 27 33 35 39 41 43
14 35 36 38 43
8 12 16 22 25 35 36 42
28 44
2 16 31 42
17 47 48
11 14 17 19 27 28 43
7 19 20 49
1 5 8 10 36 41 48
49 50
8 29 49
33 50
8 31 33 40 43
6 12 13 23 25 35 49 50
2 5 6 10 11 22 40
13 23 31 35 41 45
7 25 28 49
11 13 14 26 31 38 40 41
15 21 25 30 32 36 43
1 3 13 29
2 24 42 43
1 6 21 30 48
7 8 9 31 34 36 38 39
3 8 22 36 40 47
16 20 28 35
4 7
9 10 17 18 22 25 45
24 34
2 19 20 27 48
6 9 46
7 8 17 24 39 49
8 12 14 37
4 6 15 18 20 35 36 50
20 35 36 43 45 48
3 6 20 27 49
4 5 9 48
1 3 7 24 31 48
7 11 16 17 36 38
11 12 37 42
2 9 11 14 31 46 47
1 27 44
13 37 47 50
4 14 16 28 40 43
19 23 34
16 18 19 27 38
1 8 17 27 32 39 42 46
13 17 38 45 48
8 12 16 38 42 43
3 5 15 16 26 44 50
8 18 37
1 7 8 14 27 45 46
10 29 47
8 18 21 24 25 27 34 43
10 13 14 23 25 41 50
4 17 18 28 32
4 11 30 34 48
8 19 27
12 18 28 50
5 30 34 38 49
13 15 29 42
9 11 15 18 25 29 31 50
15 16 25 32 33 36 42 49
18 47
7 17 18 34 43 45
2 5 7 16 19 26 37
12 16 34 36 37 40 43 49
1 2 10 21 34
1 13 22 31 37
20 47
13 18 38 45
7 23 37 39 43
3 13 16 21 40
16 31 35 49
2 15 28 36 45
9 37
3 14 27 30 35
36 44
7 9 14 15 24 47 48
1 8 27 38
6 14 16 22 29 38 40
17 39
3 16 18 31 41 45 49
43 45 49
6 7 14 22 27 32 33 38
1 18 23 28 45 46
2 7 11 37 41 45
3 11 12 13 15 18 48
4 9 13 14 19 29 30 43
3 8 9 14 24 47
5 10 11 20 28 44 45 49
1 3 11 24 35
5 6 7 10 11 14 27
15 28
34 36 44 46
11 22 29 35 38 39
12 28 29
2 13 14 17 18 21 29 39
25 30 35 50
4 8 9 15 35 38 45 49
26 38 42 46 48
12 34
4 9 16
5 6 16 22 35 36 39 49
6 9 17 22 36 49
28 32
15 41 45
5 10 28 29 40 41
48 49
2 11 18 22 44
1 2 6 21 43 45 46 49
6 13 31 38 41 45 47 48
4 24 35 41 42
10 47
8 25 33 44
11 17 19 49
10 31 35 37 39 43
5 10 12 34 50
3 21 25 31 40 49
2 3 4 30 39
6 16 17 22 23 25 41
10 18 25 26 34 37 50
10 18 27
21 24 43
11 20 25 37
3 4 27 31 41 46
27 39 40
2 23 40 41 50
4 5 9
4 8 17 26 34 36 46 49
17 41 42 47
13 16 25 31 32 34
5 10 16 18 26 42
26 40 45
11 20 34 37 42 43 46
2 11 16 27
14 28 34 47
6 17 30 50
11 19 23 24 25 41 49 50
15 26 47
12 19 35 44
2 6 20 25 27 31 43 47
2 7 15 19 33 34 37 49
33 36 45
18 22 47
4 22 40 44 45
4 19 41 44
14 23 49
8 15 17 21 26 34 38 46
6 7 30 34 39 45 46 50
4 6 13 16 38 39
9 13 14 21 26 32 42
3 27
40 49
7 21 25 30 49
1 12 14 27 34 36 46 47
2 7 8 9 22 27 36 38
1 16 22 25 31 45
8 17 19 27 32 39 47
14 23 24 26 40 44
5 20
8 34
7 15 19 26 35 37 45 49
2 9 22 38 49
11 14 47
