314.0
148.0
202.0
66.0
366.0
157.0
352.0
477.0
288.0
356.0
325.0
465.0
80.0
52.0
244.0
12.0
148.0
337.0
408.0
480.0
384.0
190.0
103.0
455.0
173.0
341.0
424.0
432.0
374.0
420.0
129.0
332.0
285.0
484.0
327.0
368.0
71.0
348.0
463.0
379.0
212.0
217.0
164.0
272.0
500.0
498.0
206.0
162.0
393.0
490.0
255.0
383.0
136.0
163.0
237.0
46.0
318.0
315.0
435.0
174.0
245.0
433.0
54.0
226.0
124.0
252.0
327.0
261.0
480.0
42.0
70.0
432.0
377.0
173.0
361.0
92.0
171.0
392.0
362.0
313.0
356.0
281.0
233.0
243.0
484.0
125.0
290.0
47.0
45.0
89.0
229.0
389.0
183.0
110.0
266.0
96.0
341.0
140.0
92.0
79.0
436.0
216.0
97.0
196.0
455.0
289.0
223.0
101.0
120.0
77.0
457.0
201.0
467.0
416.0
384.0
69.0
406.0
151.0
166.0
32.0
269.0
445.0
416.0
179.0
455.0
486.0
269.0
199.0
483.0
124.0
325.0
372.0
125.0
409.0
330.0
178.0
249.0
340.0
322.0
348.0
32.0
329.0
264.0
242.0
147.0
408.0
192.0
300.0
342.0
200.0
364.0
497.0
292.0
452.0
58.0
117.0
102.0
233.0
328.0
84.0
255.0
262.0
232.0
354.0
297.0
389.0
227.0
98.0
398.0
82.0
244.0
132.0
144.0
344.0
54.0
313.0
305.0
259.0
13.0
319.0
122.0
378.0
87.0
145.0
87.0
477.0
55.0
67.0
47.0
322.0
347.0
217.0
60.0
441.0
218.0
372.0
227.0
454.0
240.0
404.0
270.0
389.0
98.0
242.0
73.0
54.0
291.0
39.0
247.0
319.0
412.0
26.0
387.0
94.0
292.0
173.0
257.0
482.0
170.0
145.0
143.0
121.0
11.0
466.0
91.0
21.0
408.0
387.0
411.0
111.0
250.0
318.0
330.0
30.0
351.0
453.0
453.0
397.0
41.0
413.0
147.0
142.0
316.0
138.0
355.0
340.0
498.0
189.0
398.0
469.0
409.0
255.0
216.0
71.0
239.0
284.0
216.0
383.0
287.0
222.0
287.0
146.0
142.0
371.0
42.0
490.0
203.0
450.0
71.0
392.0
351.0
440.0
73.0
87.0
105.0
262.0
366.0
265.0
248.0
461.0
208.0
99.0
260.0
117.0
90.0
250.0
359.0
473.0
314.0
486.0
140.0
188.0
452.0
187.0
222.0
413.0
91.0
248.0
376.0
462.0
341.0
309.0
348.0
269.0
334.0
275.0
131.0
474.0
12.0
395.0
234.0
99.0
144.0
364.0
317.0
158.0
192.0
462.0
15.0
308.0
44.0
140.0
128.0
296.0
41.0
32.0
76.0
473.0
104.0
46.0
180.0
394.0
91.0
209.0
81.0
367.0
365.0
236.0
188.0
252.0
112.0
270.0
430.0
299.0
217.0
320.0
310.0
198.0
492.0
130.0
297.0
263.0
40.0
95.0
293.0
60.0
138.0
152.0
50.0
363.0
409.0
383.0
458.0
98.0
156.0
69.0
89.0
159.0
475.0
406.0
386.0
222.0
78.0
35.0
23.0
422.0
402.0
110.0
358.0
155.0
334.0
91.0
326.0
115.0
469.0
304.0
73.0
66.0
416.0
328.0
370.0
130.0
104.0
106.0
405.0
219.0
57.0
473.0
130.0
422.0
494.0
90.0
48.0
478.0
179.0
153.0
474.0
68.0
418.0
376.0
389.0
101.0
59.0
183.0
215.0
299.0
145.0
287.0
377.0
98.0
55.0
77.0
367.0
360.0
455.0
474.0
11.0
237.0
432.0
387.0
229.0
352.0
306.0
65.0
218.0
55.0
471.0
410.0
197.0
48.0
419.0
190.0
441.0
181.0
428.0
382.0
119.0
342.0
31.0
83.0
321.0
17.0
99.0
412.0
241.0
484.0
314.0
73.0
459.0
227.0
126.0
402.0
352.0
57.0
146.0
481.0
429.0
89.0
347.0
440.0
271.0
484.0
356.0
85.0
471.0
293.0
248.0
26.0
28.0
121.0
73.0
194.0
114.0
472.0
264.0
34.0
366.0
277.0
213.0
195.0
141.0
346.0
282.0
252.0
334.0
467.0
131.0
248.0
77.0
102.0
25.0
125.0
313.0
215.0
497.0
117.0
122.0
359.0
248.0
433.0
456.0
40.0
200.0
360.0
313.0
286.0
265.0
219.0
383.0
127.0
428.0
293.0
192.0
287.0
458.0
83.0
364.0
129.0
425.0
48.0
347.0
188.0
434.0
212.0
85.0
343.0
14.0
267.0
72.0
441.0
407.0
336.0
385.0
31.0
178.0
139.0
199.0
306.0
479.0
480.0
437.0
337.0
485.0
35.0
440.0
186.0
320.0
299.0
462.0
234.0
49.0
157.0
442.0
320.0
274.0
82.0
352.0
46.0
53.0
134.0
445.0
316.0
286.0
87.0
163.0
228.0
329.0
62.0
404.0
300.0
373.0
350.0
71.0
110.0
151.0
174.0
207.0
107.0
61.0
484.0
198.0
115.0
86.0
306.0
373.0
228.0
199.0
174.0
202.0
126.0
122.0
472.0
195.0
260.0
431.0
117.0
15.0
414.0
15.0
152.0
382.0
34.0
40.0
179.0
345.0
367.0
90.0
163.0
236.0
324.0
201.0
91.0
255.0
375.0
330.0
495.0
45.0
242.0
115.0
15.0
197.0
400.0
163.0
70.0
340.0
433.0
252.0
124.0
85.0
396.0
397.0
294.0
407.0
163.0
491.0
376.0
90.0
257.0
410.0
471.0
130.0
155.0
160.0
471.0
97.0
484.0
210.0
109.0
66.0
87.0
274.0
412.0
20.0
425.0
466.0
95.0
494.0
390.0
391.0
16.0
449.0
490.0
349.0
110.0
149.0
295.0
141.0
198.0
205.0
38.0
59.0
479.0
445.0
360.0
368.0
465.0
264.0
303.0
220.0
104.0
96.0
97.0
31.0
92.0
470.0
75.0
497.0
481.0
244.0
331.0
218.0
143.0
168.0
341.0
15.0
53.0
195.0
488.0
489.0
346.0
461.0
362.0
377.0
478.0
442.0
138.0
303.0
149.0
354.0
49.0
212.0
97.0
21.0
401.0
336.0
95.0
435.0
211.0
459.0
226.0
175.0
82.0
143.0
453.0
140.0
231.0
366.0
304.0
83.0
101.0
180.0
47.0
312.0
108.0
451.0
483.0
356.0
409.0
301.0
93.0
186.0
473.0
107.0
39.0
202.0
194.0
178.0
133.0
97.0
52.0
437.0
34.0
235.0
137.0
130.0
476.0
422.0
373.0
490.0
247.0
436.0
137.0
203.0
348.0
413.0
91.0
304.0
102.0
485.0
321.0
392.0
451.0
378.0
190.0
293.0
99.0
257.0
68.0
307.0
271.0
345.0
423.0
394.0
165.0
75.0
159.0
258.0
458.0
126.0
239.0
112.0
449.0
455.0
387.0
228.0
240.0
306.0
341.0
107.0
110.0
147.0
151.0
253.0
40.0
182.0
263.0
184.0
295.0
210.0
180.0
435.0
81.0
359.0
312.0
144.0
359.0
17.0
481.0
284.0
330.0
383.0
320.0
74.0
33.0
240.0
423.0
408.0
329.0
157.0
440.0
326.0
321.0
325.0
230.0
253.0
262.0
148.0
130.0
251.0
25.0
242.0
426.0
299.0
444.0
312.0
72.0
500.0
77.0
76.0
453.0
479.0
180.0
440.0
358.0
485.0
448.0
335.0
95.0
434.0
186.0
304.0
494.0
265.0
405.0
209.0
142.0
179.0
147.0
482.0
388.0
413.0
411.0
467.0
259.0
206.0
97.0
226.0
224.0
385.0
367.0
216.0
35.0
452.0
424.0
77.0
157.0
183.0
377.0
387.0
343.0
89.0
242.0
495.0
307.0
111.0
348.0
270.0
328.0
329.0
185.0
169.0
181.0
204.0
368.0
409.0
232.0
23.0
142.0
287.0
473.0
41.0
411.0
42.0
497.0
127.0
148.0
192.0
348.0
108.0
83.0
279.0
157.0
284.0
257.0
465.0
32.0
317.0
451.0
74.0
280.0
232.0
23.0
430.0
458.0
100.0
373.0
233.0
444.0
462.0
481.0
337.0
311.0
306.0
141.0
475.0
184.0
62.0
386.0
288.0
198.0
263.0
104.0
75.0
329.0
376.0
419.0
442.0
114.0
423.0
430.0
89.0
315.0
44.0
186.0
415.0
218.0
416.0
381.0
15.0
258.0
272.0
100.0
20.0
135.0
284.0
91.0
430.0
321.0
329.0
177.0
196.0
221.0
407.0
396.0
198.0
69.0
262.0
302.0
499.0
312.0
119.0
188.0
138.0
151.0
420.0
218.0
357.0
280.0
460.0
45.0
275.0
499.0
332.0
51.0
156.0
458.0
79.0
276.0
461.0
174.0
143.0
222.0
296.0
233.0
167.0
174.0
394.0
482.0
208.0
398.0
178.0
84.0
292.0
88.0
350.0
152.0
107.0
474.0
110.0
286.0
350.0
448.0
267.0
134.0
60.0
190.0
296.0
218.0
405.0
289.0
280.0
459.0
425.0
113.0
381.0
227.0
407.0
464.0
320.0
125.0
157.0
132.0
11.0
74.0
192.0
174.0
484.0
89.0
85.0
287.0
438.0
33.0
240.0
111.0
168.0
344.0
235.0
265.0
499.0
198.0
96.0
46.0
211.0
113.0
226.0
470.0
484.0
101.0
486.0
228.0
200.0
22.0
20.0
108.0
183.0
169.0
252.0
329.0
373.0
261.0
280.0
189.0
294.0
395.0
18.0
96.0
203.0
83.0
192.0
219.0
469.0
428.0
244.0
206.0
286.0
331.0
253.0
327.0
427.0
431.0
476.0
137.0
195.0
154.0
339.0
177.0
335.0
70.0
255.0
377.0
147.0
113.0
129.0
200.0
483.0
251.0
378.0
288.0
474.0
302.0
364.0
200.0
450.0
320.0
57.0
39.0
25.0
442.0
321.0
499.0
243.0
489.0
217.0
371.0
230.0
226.0
287.0
427.0
25.0
187.0
175.0
135.0
317.0
28.0
364.0
266.0
242.0
453.0
471.0
394.0
208.0
211.0
191.0
452.0
162.0
348.0
199.0
277.0
448.0
111.0
378.0
88.0
353.0
408.0
105.0
239.0
183.0
394.0
82.0
454.0
266.0
209.0
115.0
145.0
13.0
171.0
437.0
431.0
437.0
21.0
397.0
62.0
49.0
224.0
154.0
439.0
458.0
397.0
344.0
296.0
73.0
434.0
397.0
432.0
352.0
207.0
406.0
50.0
389.0
19.0
351.0
39.0
111.0
286.0
244.0
396.0
10.0
77.0
135.0
285.0
377.0
65.0
439.0
426.0
455.0
323.0
216.0
180.0
140.0
192.0
89.0
494.0
91.0
274.0
35.0
27.0
211.0
294.0
373.0
473.0
292.0
374.0
355.0
400.0
268.0
20.0
322.0
306.0
361.0
267.0
150.0
369.0
255.0
24.0
396.0
161.0
382.0
288.0
400.0
109.0
315.0
152.0
96.0
301.0
228.0
337.0
182.0
42.0
296.0
355.0
144.0
369.0
300.0
292.0
147.0
246.0
455.0
367.0
27.0
97.0
39.0
470.0
258.0
26.0
79.0
154.0
408.0
473.0
90.0
445.0
13.0
91.0
377.0
405.0
204.0
459.0
496.0
200.0
93.0
202.0
36.0
500.0
80.0
452.0
257.0
52.0
14.0
159.0
245.0
34.0
114.0
426.0
136.0
26.0
93.0
353.0
321.0
372.0
293.0
276.0
114.0
15.0
230.0
69.0
43.0
494.0
186.0
442.0
305.0
157.0
145.0
32.0
308.0
323.0
450.0
243.0
341.0
427.0
377.0
75.0
264.0
332.0
459.0
373.0
238.0
43.0
274.0
99.0
446.0
147.0
22.0
66.0
368.0
305.0
147.0
129.0
121.0
487.0
275.0
109.0
280.0
437.0
62.0
64.0
144.0
395.0
265.0
361.0
135.0
487.0
57.0
426.0
480.0
229.0
473.0
500.0
227.0
384.0
405.0
230.0
29.0
482.0
24.0
112.0
100.0
157.0
285.0
167.0
168.0
65.0
436.0
221.0
72.0
340.0
196.0
116.0
28.0
130.0
12.0
308.0
235.0
494.0
256.0
73.0
22.0
113.0
360.0
387.0
86.0
484.0
19.0
29.0
350.0
54.0
328.0
312.0
430.0
81.0
307.0
277.0
14.0
41.0
84.0
74.0
395.0
41.0
61.0
110.0
326.0
19.0
301.0
64.0
304.0
134.0
307.0
219.0
84.0
99.0
212.0
421.0
375.0
313.0
405.0
191.0
459.0
446.0
280.0
23.0
253.0
229.0
258.0
306.0
150.0
122.0
104.0
208.0
398.0
93.0
354.0
56.0
13.0
364.0
250.0
67.0
160.0
51.0
208.0
165.0
200.0
283.0
436.0
190.0
219.0
223.0
87.0
92.0
444.0
492.0
43.0
46.0
453.0
172.0
311.0
499.0
12.0
281.0
401.0
137.0
311.0
210.0
477.0
326.0
35.0
398.0
452.0
76.0
320.0
142.0
374.0
443.0
355.0
98.0
461.0
300.0
383.0
76.0
453.0
202.0
56.0
347.0
352.0
129.0
87.0
95.0
455.0
412.0
405.0
156.0
294.0
73.0
471.0
92.0
82.0
472.0
244.0
459.0
323.0
142.0
202.0
447.0
277.0
211.0
32.0
68.0
313.0
348.0
123.0
317.0
250.0
116.0
99.0
35.0
59.0
483.0
493.0
336.0
328.0
156.0
230.0
468.0
292.0
211.0
68.0
19.0
131.0
406.0
119.0
170.0
156.0
225.0
309.0
491.0
444.0
228.0
71.0
376.0
344.0
327.0
379.0
342.0
268.0
74.0
143.0
280.0
205.0
243.0
301.0
157.0
185.0
194.0
329.0
192.0
375.0
244.0
251.0
212.0
33.0
494.0
384.0
452.0
16.0
266.0
316.0
194.0
147.0
393.0
242.0
321.0
202.0
285.0
211.0
387.0
44.0
57.0
280.0
153.0
379.0
171.0
135.0
377.0
257.0
324.0
67.0
333.0
120.0
258.0
413.0
278.0
456.0
152.0
180.0
304.0
488.0
217.0
212.0
305.0
349.0
191.0
444.0
366.0
86.0
381.0
445.0
159.0
42.0
334.0
51.0
411.0
113.0
47.0
429.0
267.0
91.0
219.0
395.0
246.0
102.0
255.0
328.0
366.0
411.0
374.0
455.0
493.0
256.0
63.0
500.0
120.0
129.0
149.0
459.0
255.0
437.0
50.0
345.0
335.0
375.0
154.0
453.0
167.0
72.0
14.0
223.0
41.0
263.0
276.0
246.0
123.0
38.0
352.0
424.0
414.0
26.0
438.0
485.0
110.0
440.0
126.0
163.0
463.0
268.0
486.0
150.0
20.0
220.0
344.0
478.0
285.0
117.0
388.0
320.0
86.0
59.0
230.0
319.0
341.0
216.0
179.0
196.0
482.0
350.0
54.0
69.0
45.0
284.0
80.0
183.0
123.0
320.0
377.0
277.0
500.0
341.0
476.0
300.0
469.0
182.0
74.0
308.0
337.0
137.0
455.0
147.0
292.0
174.0
21.0
493.0
166.0
491.0
42.0
500.0
84.0
127.0
138.0
178.0
79.0
357.0
93.0
286.0
229.0
426.0
222.0
218.0
125.0
243.0
21.0
168.0
121.0
280.0
416.0
279.0
414.0
158.0
273.0
444.0
342.0
493.0
426.0
394.0
489.0
413.0
172.0
109.0
38.0
500.0
355.0
325.0
421.0
282.0
288.0
221.0
212.0
413.0
123.0
197.0
15.0
387.0
341.0
250.0
149.0
269.0
208.0
96.0
323.0
399.0
184.0
171.0
163.0
486.0
333.0
121.0
440.0
381.0
445.0
323.0
431.0
249.0
315.0
44.0
26.0
285.0
304.0
250.0
193.0
500.0
205.0
449.0
324.0
203.0
131.0
400.0
341.0
333.0
305.0
80.0
435.0
455.0
43.0
408.0
484.0
115.0
213.0
88.0
379.0
161.0
445.0
351.0
317.0
150.0
463.0
304.0
494.0
81.0
286.0
32.0
245.0
175.0
496.0
418.0
388.0
412.0
107.0
333.0
421.0
252.0
386.0
148.0
177.0
48.0
360.0
404.0
487.0
422.0
92.0
371.0
276.0
464.0
217.0
282.0
19.0
354.0
338.0
43.0
277.0
198.0
18.0
413.0
142.0
174.0
263.0
481.0
120.0
94.0
196.0
136.0
132.0
200.0
364.0
51.0
55.0
260.0
353.0
334.0
177.0
143.0
413.0
221.0
282.0
312.0
89.0
397.0
159.0
233.0
388.0
69.0
135.0
355.0
129.0
286.0
355.0
379.0
390.0
414.0
149.0
89.0
247.0
111.0
171.0
336.0
401.0
495.0
128.0
263.0
428.0
343.0
320.0
28.0
140.0
369.0
244.0
428.0
317.0
68.0
72.0
359.0
90.0
181.0
385.0
369.0
444.0
126.0
165.0
447.0
107.0
272.0
487.0
258.0
244.0
31.0
228.0
60.0
243.0
388.0
247.0
306.0
448.0
372.0
195.0
155.0
364.0
369.0
219.0
231.0
245.0
27.0
190.0
416.0
458.0
177.0
30.0
329.0
96.0
36.0
492.0
388.0
201.0
419.0
349.0
391.0
348.0
407.0
92.0
292.0
336.0
490.0
408.0
267.0
162.0
146.0
220.0
378.0
98.0
195.0
55.0
226.0
30.0
267.0
307.0
260.0
419.0
122.0
206.0
335.0
178.0
31.0
452.0
399.0
211.0
453.0
372.0
414.0
401.0
495.0
107.0
340.0
410.0
151.0
379.0
333.0
90.0
42.0
400.0
488.0
255.0
214.0
165.0
492.0
53.0
194.0
102.0
433.0
163.0
187.0
399.0
480.0
407.0
486.0
413.0
365.0
54.0
199.0
120.0
460.0
365.0
379.0
320.0
346.0
171.0
399.0
274.0
494.0
233.0
214.0
52.0
346.0
217.0
95.0
97.0
345.0
408.0
446.0
29.0
302.0
239.0
409.0
367.0
207.0
291.0
475.0
460.0
250.0
302.0
212.0
169.0
115.0
91.0
193.0
245.0
481.0
157.0
88.0
356.0
155.0
401.0
286.0
203.0
222.0
51.0
178.0
34.0
47.0
96.0
270.0
419.0
295.0
496.0
230.0
401.0
302.0
24.0
424.0
117.0
189.0
73.0
348.0
92.0
420.0
307.0
419.0
105.0
401.0
48.0
156.0
465.0
454.0
283.0
450.0
33.0
296.0
459.0
109.0
271.0
467.0
196.0
397.0
438.0
301.0
50.0
145.0
160.0
182.0
245.0
136.0
147.0
42.0
431.0
380.0
31.0
184.0
144.0
153.0
71.0
143.0
51.0
424.0
94.0
491.0
184.0
158.0
317.0
443.0
153.0
266.0
458.0
459.0
188.0
373.0
108.0
307.0
448.0
403.0
94.0
30.0
347.0
427.0
31.0
177.0
456.0
422.0
257.0
275.0
208.0
223.0
179.0
12.0
107.0
90.0
231.0
118.0
332.0
113.0
236.0
49.0
87.0
347.0
155.0
493.0
438.0
64.0
139.0
178.0
415.0
366.0
49.0
128.0
430.0
392.0
132.0
453.0
266.0
476.0
243.0
266.0
372.0
396.0
423.0
19.0
446.0
391.0
258.0
225.0
305.0
234.0
464.0
399.0
171.0
128.0
417.0
158.0
136.0
250.0
363.0
202.0
342.0
379.0
239.0
89.0
119.0
93.0
399.0
310.0
19.0
210.0
115.0
386.0
131.0
269.0
147.0
393.0
473.0
423.0
126.0
286.0
255.0
245.0
347.0
418.0
456.0
233.0
193.0
218.0
31.0
107.0
68.0
48.0
107.0
29.0
314.0
390.0
340.0
474.0
76.0
54.0
269.0
73.0
203.0
419.0
163.0
170.0
39.0
295.0
122.0
121.0
377.0
338.0
23.0
92.0
446.0
139.0
298.0
210.0
196.0
107.0
273.0
497.0
296.0
131.0
147.0
194.0
60.0
136.0
412.0
351.0
323.0
44.0
281.0
53.0
128.0
29.0
373.0
188.0
135.0
472.0
454.0
238.0
92.0
354.0
286.0
339.0
496.0
32.0
209.0
378.0
247.0
152.0
248.0
424.0
158.0
258.0
403.0
92.0
139.0
84.0
337.0
58.0
287.0
243.0
394.0
203.0
419.0
79.0
83.0
179.0
29.0
168.0
38.0
206.0
412.0
411.0
458.0
408.0
370.0
68.0
426.0
102.0
371.0
189.0
229.0
397.0
78.0
97.0
234.0
246.0
160.0
427.0
199.0
368.0
95.0
444.0
328.0
26.0
184.0
481.0
494.0
331.0
411.0
110.0
150.0
172.0
355.0
255.0
10.0
278.0
472.0
69.0
336.0
178.0
178.0
47.0
211.0
105.0
30.0
92.0
200.0
491.0
76.0
226.0
13.0
290.0
278.0
320.0
354.0
284.0
334.0
140.0
228.0
285.0
43.0
77.0
132.0
262.0
450.0
134.0
129.0
408.0
275.0
159.0
13.0
200.0
388.0
331.0
59.0
46.0
38.0
56.0
401.0
355.0
486.0
162.0
296.0
333.0
380.0
389.0
265.0
159.0
60.0
356.0
360.0
199.0
320.0
162.0
303.0
409.0
15.0
484.0
192.0
421.0
252.0
500.0
363.0
295.0
493.0
339.0
141.0
271.0
123.0
472.0
249.0
382.0
325.0
429.0
261.0
347.0
402.0
309.0
142.0
326.0
406.0
292.0
158.0
63.0
226.0
207.0
32.0
156.0
173.0
38.0
190.0
68.0
480.0
152.0
77.0
267.0
41.0
299.0
309.0
135.0
312.0
365.0
288.0
161.0
25.0
188.0
358.0
134.0
265.0
415.0
20.0
154.0
166.0
246.0
36.0
396.0
389.0
339.0
80.0
309.0
295.0
129.0
458.0
399.0
335.0
303.0
15.0
87.0
20.0
486.0
130.0
360.0
231.0
412.0
493.0
409.0
190.0
56.0
10.0
128.0
363.0
75.0
19.0
391.0
453.0
273.0
207.0
145.0
213.0
343.0
357.0
327.0
194.0
186.0
409.0
89.0
395.0
76.0
469.0
259.0
183.0
87.0
26.0
52.0
284.0
31.0
434.0
343.0
163.0
331.0
36.0
426.0
373.0
466.0
106.0
280.0
447.0
389.0
345.0
416.0
112.0
279.0
165.0
451.0
430.0
346.0
139.0
440.0
395.0
62.0
483.0
337.0
211.0
342.0
133.0
177.0
468.0
260.0
115.0
496.0
249.0
312.0
213.0
285.0
156.0
326.0
222.0
12.0
374.0
187.0
308.0
276.0
215.0
210.0
242.0
289.0
43.0
49.0
189.0
254.0
67.0
395.0
112.0
289.0
364.0
295.0
484.0
335.0
260.0
78.0
314.0
280.0
68.0
494.0
334.0
307.0
489.0
396.0
420.0
236.0
219.0
364.0
133.0
145.0
181.0
58.0
92.0
127.0
133.0
228.0
10.0
209.0
363.0
65.0
360.0
500.0
20.0
256.0
95.0
299.0
405.0
489.0
39.0
29.0
260.0
101.0
497.0
88.0
101.0
221.0
410.0
453.0
279.0
124.0
253.0
130.0
188.0
115.0
139.0
138.0
40.0
391.0
37.0
265.0
351.0
122.0
219.0
142.0
447.0
194.0
356.0
241.0
381.0
229.0
59.0
109.0
112.0
441.0
88.0
72.0
167.0
12.0
243.0
196.0
352.0
451.0
492.0
487.0
456.0
243.0
96.0
395.0
440.0
402.0
298.0
460.0
224.0
352.0
334.0
146.0
202.0
498.0
212.0
171.0
15.0
465.0
278.0
23.0
390.0
94.0
322.0
305.0
290.0
498.0
498.0
441.0
135.0
405.0
313.0
405.0
198.0
322.0
20.0
321.0
18.0
303.0
90.0
491.0
140.0
133.0
361.0
262.0
222.0
348.0
395.0
378.0
297.0
493.0
293.0
169.0
332.0
266.0
51.0
53.0
386.0
472.0
36.0
486.0
19.0
229.0
343.0
189.0
192.0
473.0
259.0
109.0
438.0
123.0
461.0
277.0
46.0
276.0
90.0
120.0
417.0
17.0
145.0
247.0
373.0
462.0
365.0
495.0
173.0
248.0
108.0
417.0
134.0
51.0
86.0
314.0
452.0
459.0
96.0
103.0
414.0
121.0
421.0
133.0
34.0
251.0
250.0
367.0
125.0
486.0
207.0
114.0
362.0
433.0
122.0
312.0
18.0
116.0
193.0
37.0
469.0
396.0
197.0
184.0
165.0
64.0
75.0
189.0
179.0
243.0
148.0
405.0
498.0
95.0
460.0
327.0
208.0
127.0
63.0
329.0
313.0
464.0
496.0
383.0
204.0
434.0
401.0
77.0
73.0
21.0
12.0
397.0
470.0
440.0
304.0
318.0
494.0
466.0
383.0
160.0
475.0
213.0
205.0
317.0
262.0
380.0
441.0
250.0
154.0
289.0
449.0
139.0
13.0
78.0
49.0
389.0
139.0
405.0
232.0
443.0
407.0
474.0
183.0
392.0
112.0
458.0
388.0
496.0
129.0
423.0
309.0
124.0
282.0
181.0
267.0
444.0
313.0
402.0
94.0
248.0
261.0
253.0
420.0
183.0
332.0
158.0
450.0
367.0
257.0
192.0
242.0
419.0
398.0
199.0
410.0
489.0
252.0
454.0
51.0
260.0
403.0
233.0
212.0
23.0
182.0
384.0
92.0
307.0
79.0
123.0
287.0
60.0
15.0
339.0
83.0
332.0
496.0
279.0
467.0
426.0
231.0
192.0
344.0
205.0
100.0
168.0
247.0
207.0
46.0
275.0
284.0
106.0
90.0
483.0
205.0
492.0
411.0
420.0
392.0
384.0
243.0
365.0
267.0
128.0
471.0
386.0
485.0
145.0
471.0
163.0
193.0
256.0
173.0
102.0
239.0
435.0
248.0
447.0
213.0
278.0
83.0
77.0
349.0
228.0
237.0
138.0
453.0
163.0
28.0
462.0
74.0
194.0
390.0
339.0
256.0
204.0
357.0
52.0
41.0
124.0
272.0
74.0
275.0
113.0
171.0
469.0
177.0
304.0
126.0
452.0
13.0
164.0
370.0
20.0
436.0
169.0
186.0
459.0
276.0
192.0
212.0
207.0
60.0
426.0
388.0
360.0
197.0
408.0
46.0
437.0
450.0
271.0
167.0
497.0
286.0
424.0
101.0
317.0
74.0
366.0
173.0
90.0
471.0
107.0
252.0
451.0
89.0
404.0
269.0
452.0
254.0
348.0
393.0
13.0
193.0
153.0
381.0
460.0
247.0
207.0
186.0
277.0
163.0
344.0
15.0
303.0
55.0
344.0
428.0
399.0
122.0
30.0
435.0
18.0
207.0
300.0
130.0
420.0
440.0
97.0
441.0
162.0
284.0
482.0
230.0
123.0
280.0
243.0
471.0
285.0
438.0
239.0
18.0
451.0
284.0
493.0
111.0
166.0
185.0
260.0
417.0
383.0
32.0
305.0
82.0
28.0
154.0
214.0
371.0
65.0
48.0
25.0
350.0
115.0
440.0
244.0
338.0
401.0
423.0
392.0
112.0
244.0
324.0
461.0
108.0
397.0
487.0
350.0
148.0
439.0
64.0
43.0
95.0
399.0
450.0
48.0
359.0
48.0
66.0
311.0
192.0
353.0
88.0
206.0
136.0
281.0
493.0
412.0
367.0
434.0
202.0
225.0
106.0
277.0
312.0
337.0
259.0
498.0
32.0
248.0
226.0
244.0
168.0
456.0
429.0
385.0
440.0
296.0
375.0
142.0
377.0
480.0
379.0
266.0
107.0
454.0
264.0
195.0
490.0
85.0
44.0
60.0
295.0
23.0
19.0
186.0
147.0
347.0
254.0
471.0
398.0
117.0
234.0
237.0
98.0
365.0
351.0
302.0
280.0
210.0
115.0
33.0
190.0
409.0
337.0
400.0
454.0
39.0
330.0
53.0
420.0
84.0
281.0
434.0
77.0
355.0
454.0
458.0
482.0
219.0
205.0
85.0
106.0
252.0
228.0
192.0
20.0
137.0
266.0
348.0
147.0
326.0
125.0
145.0
81.0
136.0
335.0
173.0
164.0
58.0
463.0
362.0
155.0
44.0
242.0
308.0
318.0
395.0
174.0
157.0
98.0
352.0
271.0
242.0
449.0
454.0
33.0
442.0
314.0
117.0
469.0
322.0
276.0
352.0
10.0
310.0
492.0
309.0
315.0
188.0
97.0
201.0
476.0
250.0
234.0
54.0
270.0
458.0
398.0
203.0
96.0
496.0
226.0
341.0
248.0
409.0
175.0
444.0
263.0
486.0
115.0
10.0
267.0
61.0
40.0
47.0
252.0
293.0
336.0
304.0
251.0
290.0
444.0
111.0
176.0
497.0
404.0
11.0
12.0
70.0
12.0
333.0
352.0
33.0
135.0
107.0
263.0
123.0
228.0
451.0
57.0
39.0
251.0
405.0
499.0
219.0
243.0
483.0
262.0
398.0
97.0
284.0
373.0
72.0
211.0
175.0
483.0
140.0
151.0
208.0
351.0
316.0
19.0
177.0
249.0
361.0
271.0
75.0
113.0
495.0
29.0
412.0
155.0
211.0
10.0
449.0
437.0
259.0
179.0
112.0
309.0
440.0
396.0
252.0
297.0
400.0
287.0
70.0
444.0
336.0
163.0
414.0
240.0
104.0
443.0
330.0
332.0
148.0
123.0
112.0
116.0
493.0
66.0
382.0
81.0
85.0
68.0
406.0
425.0
472.0
299.0
352.0
476.0
166.0
104.0
318.0
331.0
264.0
401.0
333.0
370.0
215.0
18.0
182.0
105.0
57.0
141.0
147.0
199.0
165.0
22.0
91.0
415.0
413.0
158.0
365.0
127.0
192.0
489.0
55.0
158.0
194.0
372.0
228.0
49.0
317.0
24.0
404.0
248.0
34.0
345.0
475.0
475.0
234.0
89.0
373.0
150.0
169.0
117.0
419.0
472.0
339.0
137.0
91.0
148.0
449.0
419.0
62.0
140.0
230.0
349.0
451.0
373.0
128.0
109.0
164.0
308.0
10.0
25.0
135.0
221.0
445.0
171.0
483.0
60.0
116.0
362.0
222.0
225.0
322.0
120.0
294.0
204.0
474.0
336.0
133.0
266.0
467.0
104.0
399.0
215.0
472.0
476.0
275.0
30.0
319.0
233.0
120.0
41.0
446.0
47.0
36.0
159.0
201.0
128.0
240.0
237.0
229.0
329.0
409.0
402.0
163.0
33.0
50.0
176.0
170.0
342.0
187.0
271.0
427.0
363.0
245.0
434.0
180.0
290.0
364.0
390.0
54.0
497.0
287.0
73.0
245.0
33.0
175.0
155.0
14.0
204.0
10.0
152.0
253.0
26.0
430.0
28.0
405.0
386.0
141.0
56.0
335.0
233.0
83.0
494.0
209.0
378.0
158.0
394.0
446.0
468.0
36.0
319.0
40.0
265.0
380.0
307.0
368.0
259.0
382.0
250.0
81.0
115.0
439.0
33.0
155.0
261.0
297.0
442.0
324.0
340.0
417.0
446.0
85.0
454.0
389.0
120.0
215.0
415.0
302.0
369.0
493.0
406.0
132.0
22.0
229.0
494.0
213.0
147.0
417.0
473.0
453.0
482.0
419.0
266.0
217.0
477.0
97.0
254.0
15.0
249.0
491.0
403.0
320.0
128.0
208.0
500.0
351.0
386.0
323.0
122.0
98.0
427.0
379.0
490.0
19.0
487.0
135.0
465.0
388.0
263.0
19.0
103.0
265.0
189.0
266.0
337.0
196.0
118.0
243.0
18.0
422.0
25.0
72.0
286.0
445.0
155.0
273.0
128.0
397.0
28.0
66.0
41.0
262.0
367.0
426.0
28.0
128.0
161.0
410.0
306.0
338.0
322.0
390.0
238.0
175.0
182.0
416.0
385.0
158.0
61.0
198.0
450.0
61.0
320.0
150.0
429.0
334.0
199.0
439.0
439.0
357.0
399.0
68.0
209.0
500.0
378.0
268.0
146.0
141.0
441.0
476.0
479.0
108.0
440.0
293.0
109.0
350.0
272.0
242.0
201.0
25.0
395.0
490.0
83.0
383.0
450.0
379.0
494.0
248.0
354.0
131.0
324.0
311.0
230.0
77.0
427.0
383.0
300.0
164.0
65.0
104.0
70.0
247.0
313.0
265.0
207.0
329.0
303.0
486.0
157.0
288.0
335.0
268.0
25.0
116.0
446.0
430.0
313.0
415.0
492.0
421.0
106.0
378.0
104.0
453.0
57.0
437.0
136.0
291.0
416.0
318.0
316.0
301.0
203.0
285.0
304.0
152.0
283.0
299.0
230.0
252.0
35.0
205.0
184.0
205.0
308.0
320.0
413.0
188.0
57.0
367.0
436.0
177.0
284.0
94.0
351.0
435.0
177.0
166.0
247.0
227.0
21.0
144.0
287.0
41.0
116.0
344.0
475.0
11.0
61.0
99.0
332.0
360.0
350.0
465.0
195.0
127.0
355.0
349.0
177.0
41.0
255.0
59.0
353.0
254.0
289.0
273.0
185.0
413.0
483.0
163.0
494.0
97.0
75.0
400.0
164.0
232.0
410.0
262.0
428.0
153.0
327.0
243.0
293.0
251.0
182.0
173.0
15.0
220.0
455.0
484.0
173.0
216.0
325.0
217.0
22.0
132.0
497.0
135.0
489.0
84.0
396.0
363.0
309.0
206.0
208.0
128.0
109.0
154.0
115.0
429.0
401.0
400.0
126.0
25.0
168.0
429.0
268.0
452.0
148.0
434.0
25.0
266.0
369.0
205.0
25.0
496.0
131.0
163.0
382.0
123.0
398.0
287.0
191.0
272.0
475.0
425.0
260.0
477.0
143.0
384.0
371.0
296.0
375.0
274.0
341.0
35.0
299.0
395.0
448.0
350.0
198.0
216.0
143.0
336.0
224.0
103.0
104.0
478.0
441.0
309.0
24.0
306.0
45.0
116.0
436.0
96.0
30.0
480.0
155.0
55.0
260.0
243.0
188.0
114.0
114.0
422.0
109.0
354.0
277.0
178.0
50.0
333.0
464.0
350.0
98.0
141.0
379.0
427.0
146.0
382.0
39.0
254.0
20.0
322.0
164.0
325.0
298.0
410.0
123.0
221.0
260.0
126.0
302.0
67.0
31.0
458.0
318.0
421.0
436.0
36.0
416.0
177.0
235.0
398.0
121.0
230.0
255.0
216.0
407.0
398.0
349.0
479.0
398.0
377.0
287.0
15.0
411.0
325.0
464.0
477.0
200.0
213.0
467.0
486.0
232.0
239.0
412.0
274.0
284.0
91.0
50.0
327.0
173.0
187.0
223.0
433.0
469.0
148.0
97.0
93.0
454.0
79.0
189.0
146.0
21.0
272.0
67.0
161.0
38.0
325.0
213.0
228.0
350.0
246.0
255.0
182.0
96.0
317.0
331.0
349.0
244.0
266.0
140.0
285.0
113.0
217.0
306.0
160.0
237.0
232.0
106.0
387.0
420.0
447.0
324.0
379.0
60.0
32.0
199.0
378.0
90.0
138.0
184.0
46.0
454.0
177.0
195.0
452.0
179.0
57.0
202.0
226.0
69.0
353.0
64.0
465.0
54.0
387.0
249.0
120.0
166.0
360.0
232.0
425.0
363.0
286.0
223.0
308.0
419.0
140.0
377.0
429.0
426.0
117.0
355.0
368.0
393.0
462.0
62.0
296.0
341.0
243.0
428.0
298.0
381.0
415.0
166.0
132.0
63.0
468.0
208.0
54.0
54.0
389.0
469.0
245.0
406.0
483.0
453.0
130.0
66.0
341.0
146.0
194.0
74.0
441.0
326.0
426.0
394.0
383.0
440.0
234.0
185.0
350.0
316.0
124.0
464.0
377.0
386.0
239.0
83.0
254.0
175.0
292.0
90.0
239.0
450.0
220.0
475.0
295.0
65.0
411.0
395.0
176.0
201.0
273.0
422.0
479.0
487.0
199.0
65.0
245.0
279.0
401.0
264.0
154.0
393.0
371.0
401.0
250.0
24.0
395.0
203.0
465.0
474.0
495.0
177.0
15.0
241.0
110.0
206.0
215.0
489.0
81.0
377.0
269.0
273.0
329.0
82.0
146.0
172.0
150.0
462.0
373.0
346.0
50.0
163.0
383.0
253.0
195.0
277.0
52.0
197.0
400.0
121.0
89.0
61.0
52.0
380.0
188.0
49.0
85.0
252.0
471.0
227.0
104.0
128.0
204.0
363.0
226.0
481.0
119.0
131.0
411.0
69.0
146.0
95.0
440.0
374.0
219.0
182.0
262.0
98.0
494.0
313.0
381.0
18.0
215.0
277.0
202.0
398.0
469.0
52.0
137.0
360.0
304.0
329.0
408.0
404.0
294.0
389.0
467.0
212.0
388.0
275.0
195.0
246.0
487.0
13.0
64.0
144.0
304.0
61.0
309.0
303.0
489.0
280.0
316.0
287.0
95.0
176.0
360.0
138.0
164.0
224.0
322.0
288.0
325.0
222.0
78.0
335.0
285.0
284.0
15.0
343.0
282.0
460.0
498.0
300.0
383.0
368.0
215.0
447.0
197.0
263.0
243.0
487.0
221.0
413.0
376.0
16.0
296.0
150.0
212.0
487.0
406.0
456.0
212.0
57.0
411.0
80.0
332.0
171.0
129.0
365.0
46.0
367.0
77.0
197.0
235.0
151.0
167.0
261.0
161.0
163.0
97.0
318.0
150.0
347.0
176.0
455.0
437.0
12.0
446.0
250.0
258.0
55.0
260.0
364.0
12.0
215.0
226.0
487.0
298.0
378.0
292.0
473.0
206.0
111.0
309.0
176.0
53.0
343.0
222.0
500.0
441.0
52.0
354.0
118.0
395.0
278.0
62.0
422.0
156.0
239.0
305.0
36.0
56.0
426.0
315.0
117.0
84.0
36.0
101.0
385.0
265.0
465.0
261.0
372.0
200.0
406.0
381.0
30.0
26.0
389.0
472.0
356.0
457.0
214.0
380.0
73.0
401.0
473.0
35.0
220.0
132.0
144.0
150.0
467.0
221.0
173.0
208.0
82.0
421.0
113.0
309.0
459.0
295.0
355.0
191.0
382.0
275.0
401.0
89.0
459.0
457.0
201.0
204.0
389.0
322.0
210.0
343.0
403.0
205.0
259.0
290.0
368.0
304.0
139.0
84.0
432.0
441.0
368.0
380.0
18.0
277.0
401.0
104.0
379.0
485.0
477.0
190.0
212.0
342.0
132.0
500.0
389.0
385.0
443.0
341.0
109.0
311.0
479.0
417.0
347.0
261.0
457.0
168.0
419.0
237.0
463.0
336.0
259.0
478.0
116.0
119.0
237.0
425.0
497.0
61.0
486.0
59.0
196.0
351.0
198.0
424.0
334.0
140.0
140.0
55.0
159.0
74.0
119.0
213.0
78.0
332.0
170.0
315.0
438.0
330.0
181.0
98.0
177.0
306.0
236.0
20.0
38.0
323.0
240.0
337.0
90.0
372.0
84.0
473.0
62.0
207.0
308.0
213.0
255.0
189.0
95.0
368.0
479.0
48.0
186.0
469.0
82.0
33.0
72.0
406.0
426.0
387.0
114.0
371.0
175.0
453.0
172.0
457.0
75.0
349.0
416.0
57.0
381.0
165.0
226.0
32.0
142.0
255.0
106.0
33.0
457.0
331.0
454.0
469.0
200.0
104.0
302.0
83.0
195.0
135.0
157.0
200.0
459.0
109.0
211.0
459.0
113.0
30.0
213.0
159.0
74.0
139.0
93.0
180.0
368.0
50.0
265.0
494.0
303.0
13.0
463.0
169.0
342.0
449.0
206.0
358.0
100.0
200.0
239.0
176.0
189.0
425.0
436.0
88.0
104.0
265.0
256.0
90.0
49.0
423.0
461.0
290.0
208.0
415.0
120.0
364.0
271.0
466.0
467.0
17.0
305.0
74.0
250.0
412.0
31.0
248.0
240.0
91.0
61.0
241.0
354.0
152.0
458.0
245.0
191.0
49.0
337.0
324.0
57.0
59.0
113.0
41.0
14.0
392.0
72.0
123.0
339.0
12.0
439.0
31.0
463.0
278.0
410.0
205.0
167.0
45.0
311.0
261.0
324.0
60.0
285.0
136.0
201.0
38.0
56.0
391.0
109.0
404.0
197.0
67.0
455.0
205.0
474.0
204.0
284.0
139.0
408.0
319.0
317.0
402.0
51.0
225.0
384.0
401.0
217.0
135.0
103.0
402.0
355.0
270.0
490.0
118.0
497.0
58.0
418.0
399.0
258.0
248.0
465.0
110.0
79.0
230.0
288.0
336.0
27.0
293.0
325.0
495.0
90.0
302.0
263.0
221.0
370.0
372.0
93.0
226.0
304.0
296.0
376.0
117.0
474.0
340.0
177.0
140.0
192.0
23.0
177.0
468.0
272.0
398.0
134.0
143.0
12.0
137.0
494.0
176.0
204.0
264.0
63.0
182.0
455.0
298.0
432.0
264.0
144.0
20.0
105.0
122.0
47.0
414.0
213.0
465.0
484.0
416.0
435.0
352.0
170.0
485.0
204.0
383.0
349.0
369.0
323.0
101.0
223.0
233.0
356.0
236.0
48.0
64.0
95.0
236.0
132.0
239.0
452.0
208.0
119.0
115.0
139.0
483.0
297.0
260.0
27.0
61.0
346.0
172.0
393.0
179.0
51.0
182.0
396.0
57.0
165.0
255.0
495.0
214.0
303.0
258.0
347.0
91.0
301.0
272.0
270.0
474.0
243.0
315.0
227.0
153.0
78.0
394.0
10.0
59.0
31.0
78.0
154.0
47.0
122.0
415.0
270.0
172.0
83.0
202.0
414.0
336.0
18.0
63.0
24.0
171.0
327.0
389.0
444.0
397.0
106.0
124.0
157.0
209.0
235.0
186.0
274.0
351.0
417.0
478.0
17.0
175.0
56.0
118.0
273.0
343.0
47.0
377.0
158.0
334.0
257.0
41.0
365.0
310.0
289.0
311.0
123.0
457.0
101.0
365.0
74.0
308.0
68.0
168.0
121.0
145.0
478.0
292.0
112.0
75.0
99.0
421.0
150.0
341.0
104.0
438.0
299.0
255.0
405.0
53.0
96.0
211.0
481.0
134.0
73.0
134.0
190.0
479.0
133.0
165.0
46.0
29.0
495.0
130.0
272.0
244.0
28.0
252.0
313.0
449.0
55.0
159.0
69.0
465.0
40.0
140.0
450.0
429.0
200.0
397.0
206.0
312.0
187.0
458.0
460.0
378.0
190.0
316.0
103.0
215.0
24.0
441.0
223.0
364.0
354.0
310.0
447.0
267.0
308.0
275.0
339.0
450.0
253.0
134.0
69.0
288.0
348.0
456.0
137.0
155.0
96.0
162.0
51.0
197.0
350.0
400.0
409.0
331.0
408.0
304.0
213.0
343.0
474.0
334.0
353.0
162.0
50.0
381.0
202.0
413.0
327.0
205.0
234.0
315.0
226.0
368.0
273.0
439.0
497.0
364.0
117.0
381.0
443.0
204.0
160.0
426.0
438.0
489.0
215.0
102.0
206.0
408.0
476.0
354.0
442.0
248.0
278.0
444.0
465.0
386.0
77.0
35.0
415.0
129.0
107.0
137.0
104.0
112.0
281.0
114.0
461.0
372.0
320.0
332.0
402.0
82.0
108.0
301.0
224.0
236.0
102.0
419.0
28.0
23.0
359.0
244.0
465.0
183.0
154.0
179.0
331.0
386.0
427.0
206.0
245.0
244.0
387.0
68.0
270.0
221.0
485.0
185.0
222.0
266.0
16.0
408.0
383.0
243.0
24.0
54.0
94.0
195.0
197.0
216.0
361.0
197.0
179.0
79.0
166.0
331.0
131.0
410.0
105.0
393.0
206.0
303.0
357.0
416.0
418.0
386.0
409.0
190.0
224.0
37.0
313.0
460.0
347.0
198.0
71.0
111.0
38.0
412.0
193.0
478.0
335.0
19.0
130.0
326.0
122.0
146.0
383.0
299.0
94.0
375.0
481.0
48.0
37.0
381.0
456.0
429.0
83.0
42.0
372.0
270.0
148.0
419.0
458.0
375.0
408.0
344.0
113.0
349.0
269.0
220.0
156.0
230.0
266.0
124.0
25.0
60.0
497.0
361.0
322.0
376.0
262.0
350.0
463.0
466.0
116.0
297.0
179.0
337.0
248.0
470.0
439.0
413.0
124.0
221.0
101.0
42.0
426.0
141.0
235.0
167.0
117.0
136.0
67.0
69.0
223.0
235.0
21.0
186.0
161.0
333.0
278.0
39.0
33.0
279.0
22.0
400.0
32.0
383.0
61.0
403.0
206.0
124.0
284.0
428.0
70.0
55.0
40.0
50.0
470.0
43.0
386.0
98.0
32.0
59.0
52.0
141.0
90.0
467.0
391.0
420.0
249.0
161.0
430.0
175.0
42.0
392.0
268.0
424.0
403.0
337.0
500.0
105.0
297.0
403.0
115.0
452.0
15.0
118.0
217.0
424.0
36.0
234.0
69.0
52.0
267.0
142.0
107.0
28.0
277.0
188.0
326.0
425.0
205.0
244.0
333.0
105.0
155.0
273.0
252.0
132.0
458.0
122.0
402.0
262.0
321.0
68.0
383.0
295.0
24.0
245.0
410.0
109.0
456.0
73.0
481.0
146.0
143.0
407.0
207.0
191.0
495.0
432.0
185.0
424.0
13.0
405.0
467.0
96.0
106.0
149.0
262.0
474.0
245.0
182.0
225.0
382.0
329.0
66.0
452.0
361.0
183.0
400.0
404.0
468.0
62.0
431.0
172.0
302.0
239.0
210.0
337.0
26.0
278.0
183.0
391.0
281.0
450.0
17.0
265.0
437.0
72.0
99.0
381.0
493.0
365.0
214.0
26.0
132.0
403.0
76.0
224.0
444.0
32.0
241.0
434.0
39.0
23.0
201.0
169.0
416.0
175.0
267.0
103.0
203.0
134.0
33.0
430.0
146.0
362.0
187.0
195.0
99.0
203.0
399.0
415.0
113.0
277.0
89.0
69.0
262.0
217.0
430.0
130.0
185.0
92.0
236.0
138.0
415.0
396.0
386.0
481.0
276.0
437.0
161.0
125.0
299.0
90.0
465.0
335.0
357.0
412.0
209.0
421.0
23.0
158.0
333.0
367.0
331.0
335.0
327.0
113.0
187.0
446.0
89.0
17.0
14.0
105.0
307.0
232.0
445.0
426.0
270.0
29.0
244.0
165.0
114.0
21.0
390.0
98.0
390.0
24.0
63.0
422.0
101.0
61.0
228.0
261.0
477.0
33.0
268.0
452.0
329.0
206.0
376.0
95.0
382.0
276.0
461.0
165.0
320.0
125.0
246.0
237.0
15.0
183.0
366.0
366.0
80.0
58.0
78.0
177.0
156.0
139.0
273.0
333.0
103.0
16.0
374.0
414.0
85.0
92.0
242.0
294.0
141.0
383.0
213.0
342.0
470.0
418.0
53.0
27.0
248.0
12.0
216.0
104.0
425.0
43.0
382.0
279.0
316.0
191.0
334.0
155.0
424.0
424.0
429.0
182.0
245.0
163.0
190.0
26.0
401.0
258.0
297.0
26.0
137.0
243.0
419.0
295.0
276.0
94.0
308.0
390.0
390.0
271.0
200.0
98.0
72.0
68.0
439.0
108.0
95.0
405.0
33.0
156.0
192.0
350.0
262.0
131.0
30.0
313.0
329.0
237.0
488.0
202.0
51.0
81.0
185.0
188.0
68.0
332.0
276.0
335.0
237.0
104.0
454.0
402.0
54.0
277.0
374.0
30.0
50.0
99.0
62.0
117.0
345.0
222.0
149.0
52.0
309.0
392.0
151.0
451.0
96.0
382.0
348.0
188.0
227.0
195.0
360.0
490.0
40.0
248.0
79.0
257.0
319.0
365.0
295.0
48.0
57.0
268.0
14.0
169.0
319.0
355.0
287.0
320.0
391.0
474.0
84.0
108.0
202.0
52.0
332.0
166.0
182.0
437.0
479.0
11.0
432.0
10.0
39.0
46.0
218.0
166.0
215.0
14.0
338.0
290.0
318.0
114.0
21.0
398.0
357.0
414.0
362.0
102.0
240.0
288.0
89.0
407.0
460.0
421.0
304.0
18.0
189.0
23.0
444.0
399.0
106.0
341.0
471.0
96.0
498.0
202.0
84.0
29.0
354.0
33.0
254.0
335.0
206.0
495.0
325.0
440.0
452.0
324.0
369.0
225.0
131.0
157.0
20.0
490.0
372.0
308.0
141.0
35.0
251.0
487.0
298.0
218.0
207.0
409.0
276.0
456.0
33.0
192.0
106.0
495.0
339.0
411.0
322.0
15.0
398.0
109.0
193.0
492.0
346.0
187.0
233.0
103.0
393.0
431.0
366.0
170.0
306.0
106.0
287.0
173.0
124.0
162.0
24.0
356.0
486.0
67.0
306.0
412.0
19.0
240.0
193.0
466.0
443.0
492.0
52.0
176.0
23.0
94.0
166.0
432.0
140.0
413.0
313.0
422.0
291.0
53.0
140.0
116.0
441.0
154.0
194.0
302.0
380.0
202.0
61.0
156.0
115.0
386.0
484.0
148.0
160.0
418.0
437.0
231.0
392.0
238.0
220.0
447.0
54.0
11.0
159.0
402.0
392.0
289.0
312.0
84.0
344.0
215.0
204.0
300.0
230.0
15.0
68.0
294.0
44.0
266.0
132.0
488.0
426.0
440.0
471.0
435.0
462.0
95.0
245.0
92.0
14.0
171.0
443.0
289.0
470.0
241.0
454.0
289.0
262.0
71.0
61.0
224.0
351.0
31.0
392.0
486.0
359.0
56.0
39.0
48.0
240.0
285.0
245.0
334.0
45.0
403.0
171.0
49.0
376.0
486.0
85.0
168.0
200.0
158.0
86.0
272.0
330.0
173.0
226.0
22.0
91.0
450.0
97.0
44.0
324.0
319.0
322.0
40.0
203.0
227.0
168.0
144.0
197.0
78.0
25.0
267.0
315.0
202.0
61.0
64.0
276.0
204.0
427.0
217.0
132.0
50.0
68.0
143.0
350.0
472.0
195.0
267.0
375.0
121.0
332.0
286.0
91.0
390.0
459.0
121.0
361.0
247.0
226.0
451.0
443.0
360.0
248.0
239.0
39.0
144.0
219.0
236.0
107.0
88.0
110.0
394.0
298.0
180.0
290.0
217.0
280.0
464.0
194.0
317.0
406.0
260.0
220.0
21.0
97.0
457.0
39.0
180.0
119.0
204.0
166.0
261.0
176.0
422.0
424.0
17.0
50.0
236.0
142.0
199.0
319.0
353.0
229.0
26.0
430.0
431.0
252.0
239.0
116.0
121.0
21.0
144.0
178.0
229.0
323.0
260.0
89.0
145.0
401.0
474.0
385.0
294.0
87.0
366.0
299.0
474.0
28.0
104.0
49.0
153.0
221.0
199.0
11.0
88.0
359.0
490.0
60.0
113.0
160.0
348.0
19.0
291.0
381.0
272.0
328.0
37.0
428.0
84.0
231.0
140.0
44.0
221.0
256.0
367.0
252.0
332.0
249.0
361.0
35.0
237.0
351.0
290.0
349.0
398.0
116.0
328.0
10.0
474.0
70.0
193.0
386.0
54.0
109.0
293.0
301.0
55.0
309.0
464.0
308.0
96.0
106.0
97.0
166.0
321.0
379.0
232.0
487.0
439.0
15.0
362.0
97.0
223.0
166.0
474.0
261.0
210.0
365.0
67.0
187.0
315.0
466.0
98.0
491.0
198.0
68.0
114.0
68.0
30.0
266.0
475.0
274.0
481.0
127.0
367.0
354.0
202.0
138.0
89.0
58.0
49.0
90.0
332.0
262.0
161.0
63.0
340.0
319.0
124.0
474.0
97.0
245.0
312.0
306.0
210.0
41.0
26.0
341.0
220.0
192.0
232.0
51.0
263.0
473.0
191.0
172.0
421.0
491.0
93.0
297.0
351.0
240.0
252.0
148.0
350.0
459.0
487.0
180.0
245.0
31.0
218.0
387.0
228.0
295.0
173.0
437.0
316.0
65.0
48.0
135.0
367.0
326.0
413.0
207.0
455.0
127.0
411.0
455.0
212.0
37.0
109.0
463.0
199.0
186.0
229.0
492.0
304.0
319.0
333.0
319.0
77.0
385.0
387.0
127.0
375.0
93.0
277.0
499.0
81.0
211.0
53.0
459.0
311.0
259.0
13.0
451.0
241.0
163.0
46.0
392.0
277.0
160.0
283.0
50.0
431.0
29.0
243.0
316.0
327.0
143.0
255.0
358.0
88.0
478.0
351.0
242.0
306.0
277.0
136.0
319.0
467.0
171.0
391.0
335.0
209.0
351.0
464.0
89.0
144.0
398.0
208.0
389.0
238.0
21.0
493.0
427.0
402.0
313.0
81.0
227.0
128.0
118.0
256.0
394.0
382.0
24.0
116.0
318.0
146.0
57.0
154.0
229.0
69.0
378.0
117.0
21.0
63.0
176.0
476.0
429.0
64.0
492.0
170.0
203.0
233.0
191.0
115.0
243.0
380.0
191.0
16.0
33.0
120.0
140.0
64.0
133.0
373.0
72.0
20.0
79.0
427.0
124.0
172.0
292.0
229.0
122.0
155.0
15.0
224.0
279.0
463.0
339.0
168.0
219.0
409.0
455.0
404.0
244.0
177.0
137.0
235.0
489.0
98.0
239.0
234.0
77.0
458.0
435.0
342.0
122.0
105.0
242.0
500.0
331.0
79.0
416.0
162.0
21.0
426.0
354.0
377.0
71.0
375.0
247.0
285.0
172.0
330.0
378.0
203.0
437.0
65.0
160.0
217.0
54.0
458.0
37.0
105.0
388.0
330.0
472.0
311.0
218.0
67.0
378.0
346.0
125.0
294.0
476.0
102.0
85.0
54.0
185.0
465.0
398.0
326.0
111.0
384.0
389.0
236.0
177.0
67.0
120.0
451.0
81.0
230.0
495.0
140.0
488.0
61.0
472.0
486.0
128.0
71.0
312.0
322.0
233.0
173.0
133.0
277.0
485.0
44.0
105.0
218.0
246.0
73.0
74.0
411.0
126.0
374.0
324.0
205.0
294.0
233.0
92.0
45.0
303.0
336.0
108.0
400.0
164.0
102.0
305.0
92.0
305.0
143.0
200.0
280.0
219.0
342.0
479.0
149.0
243.0
446.0
227.0
269.0
323.0
186.0
153.0
306.0
313.0
164.0
53.0
121.0
323.0
74.0
341.0
276.0
326.0
380.0
264.0
187.0
418.0
229.0
438.0
224.0
312.0
295.0
417.0
128.0
394.0
59.0
202.0
316.0
127.0
103.0
427.0
296.0
330.0
196.0
473.0
420.0
397.0
376.0
471.0
341.0
34.0
493.0
71.0
251.0
23.0
364.0
241.0
423.0
236.0
161.0
420.0
323.0
456.0
57.0
136.0
76.0
107.0
69.0
435.0
482.0
363.0
165.0
405.0
440.0
159.0
472.0
383.0
37.0
202.0
236.0
48.0
452.0
129.0
166.0
434.0
462.0
264.0
371.0
271.0
479.0
411.0
132.0
327.0
74.0
359.0
359.0
269.0
323.0
445.0
87.0
228.0
193.0
376.0
482.0
413.0
457.0
115.0
163.0
452.0
243.0
82.0
492.0
312.0
468.0
254.0
92.0
370.0
177.0
34.0
396.0
270.0
452.0
20.0
274.0
288.0
63.0
246.0
403.0
118.0
397.0
424.0
191.0
28.0
457.0
406.0
106.0
303.0
414.0
353.0
379.0
52.0
157.0
252.0
290.0
252.0
73.0
357.0
136.0
10.0
410.0
413.0
165.0
207.0
350.0
136.0
12.0
392.0
222.0
452.0
435.0
463.0
263.0
316.0
376.0
341.0
259.0
445.0
39.0
192.0
253.0
293.0
308.0
416.0
209.0
151.0
318.0
18.0
346.0
268.0
370.0
354.0
483.0
80.0
256.0
351.0
483.0
320.0
289.0
465.0
177.0
329.0
43.0
419.0
411.0
405.0
259.0
281.0
156.0
60.0
203.0
115.0
102.0
455.0
119.0
449.0
354.0
73.0
478.0
498.0
434.0
259.0
433.0
382.0
304.0
287.0
480.0
83.0
483.0
384.0
44.0
136.0
307.0
41.0
43.0
29.0
27.0
42.0
190.0
139.0
225.0
469.0
138.0
497.0
87.0
472.0
302.0
169.0
42.0
373.0
108.0
396.0
191.0
358.0
53.0
437.0
396.0
446.0
473.0
439.0
427.0
171.0
137.0
316.0
347.0
383.0
268.0
167.0
346.0
29.0
464.0
56.0
143.0
455.0
168.0
69.0
321.0
112.0
493.0
472.0
96.0
484.0
266.0
481.0
26.0
314.0
26.0
301.0
291.0
376.0
416.0
167.0
317.0
240.0
257.0
470.0
466.0
132.0
470.0
457.0
115.0
20.0
315.0
184.0
91.0
138.0
468.0
387.0
335.0
265.0
142.0
317.0
363.0
348.0
323.0
273.0
88.0
163.0
368.0
315.0
39.0
80.0
293.0
139.0
132.0
462.0
70.0
226.0
409.0
320.0
474.0
230.0
429.0
219.0
452.0
94.0
241.0
178.0
166.0
409.0
40.0
372.0
371.0
408.0
161.0
154.0
237.0
468.0
188.0
332.0
366.0
461.0
206.0
290.0
264.0
25.0
443.0
447.0
339.0
83.0
139.0
307.0
235.0
281.0
302.0
351.0
417.0
380.0
207.0
241.0
14.0
335.0
247.0
397.0
239.0
115.0
10.0
132.0
450.0
431.0
167.0
12.0
352.0
438.0
117.0
419.0
499.0
303.0
421.0
246.0
350.0
237.0
96.0
461.0
258.0
38.0
186.0
183.0
391.0
371.0
78.0
426.0
351.0
492.0
54.0
197.0
462.0
260.0
134.0
308.0
133.0
297.0
23.0
101.0
98.0
137.0
394.0
431.0
85.0
395.0
361.0
35.0
227.0
117.0
239.0
262.0
270.0
38.0
293.0
71.0
306.0
57.0
328.0
169.0
69.0
84.0
297.0
215.0
389.0
464.0
153.0
145.0
339.0
352.0
443.0
479.0
126.0
11.0
29.0
330.0
296.0
20.0
488.0
159.0
199.0
436.0
446.0
249.0
255.0
250.0
315.0
86.0
241.0
310.0
147.0
421.0
206.0
419.0
443.0
193.0
143.0
283.0
447.0
469.0
373.0
55.0
489.0
351.0
142.0
128.0
158.0
420.0
11.0
196.0
209.0
18.0
264.0
128.0
280.0
24.0
392.0
434.0
255.0
455.0
468.0
437.0
196.0
376.0
324.0
156.0
477.0
222.0
88.0
133.0
433.0
26.0
412.0
69.0
238.0
16.0
62.0
80.0
127.0
56.0
384.0
348.0
326.0
217.0
203.0
117.0
170.0
445.0
79.0
27.0
418.0
376.0
75.0
73.0
109.0
150.0
441.0
78.0
332.0
257.0
23.0
112.0
461.0
11.0
357.0
282.0
410.0
464.0
350.0
163.0
27.0
306.0
26.0
65.0
429.0
433.0
68.0
301.0
250.0
495.0
266.0
136.0
52.0
415.0
350.0
334.0
283.0
212.0
84.0
321.0
305.0
21.0
272.0
121.0
299.0
125.0
413.0
486.0
245.0
435.0
377.0
464.0
230.0
82.0
446.0
258.0
334.0
255.0
482.0
188.0
11.0
341.0
96.0
171.0
62.0
428.0
83.0
155.0
157.0
444.0
98.0
484.0
204.0
168.0
355.0
392.0
234.0
434.0
23.0
440.0
416.0
433.0
72.0
126.0
46.0
217.0
253.0
367.0
23.0
457.0
86.0
499.0
489.0
437.0
436.0
458.0
420.0
441.0
238.0
188.0
226.0
448.0
463.0
413.0
229.0
392.0
333.0
109.0
12.0
251.0
260.0
62.0
313.0
500.0
140.0
229.0
139.0
334.0
144.0
75.0
314.0
298.0
205.0
492.0
230.0
443.0
83.0
138.0
39.0
369.0
125.0
446.0
267.0
263.0
375.0
30.0
39.0
12.0
110.0
58.0
24.0
45.0
123.0
144.0
330.0
166.0
56.0
35.0
15.0
387.0
167.0
186.0
369.0
238.0
15.0
380.0
324.0
224.0
193.0
387.0
434.0
379.0
24.0
266.0
155.0
492.0
156.0
180.0
362.0
250.0
134.0
469.0
133.0
402.0
137.0
217.0
112.0
433.0
143.0
472.0
438.0
338.0
294.0
58.0
436.0
154.0
111.0
266.0
48.0
225.0
196.0
354.0
14.0
35.0
77.0
459.0
452.0
177.0
20.0
338.0
338.0
338.0
461.0
203.0
430.0
242.0
470.0
426.0
66.0
312.0
123.0
198.0
63.0
444.0
327.0
315.0
206.0
230.0
321.0
393.0
222.0
230.0
129.0
285.0
311.0
456.0
467.0
94.0
441.0
306.0
47.0
346.0
157.0
320.0
58.0
268.0
332.0
224.0
298.0
125.0
27.0
55.0
125.0
101.0
484.0
440.0
128.0
385.0
458.0
473.0
344.0
406.0
468.0
285.0
161.0
379.0
406.0
15.0
12.0
186.0
96.0
426.0
53.0
417.0
204.0
13.0
158.0
344.0
179.0
136.0
186.0
276.0
435.0
99.0
83.0
83.0
180.0
202.0
455.0
402.0
25.0
479.0
349.0
188.0
499.0
149.0
479.0
362.0
413.0
361.0
198.0
282.0
317.0
234.0
299.0
351.0
199.0
60.0
242.0
298.0
389.0
431.0
185.0
428.0
130.0
452.0
174.0
174.0
81.0
169.0
123.0
52.0
478.0
355.0
141.0
224.0
255.0
360.0
447.0
85.0
151.0
80.0
292.0
327.0
264.0
336.0
323.0
433.0
114.0
183.0
18.0
232.0
327.0
491.0
359.0
220.0
262.0
289.0
446.0
242.0
406.0
23.0
13.0
387.0
184.0
319.0
424.0
66.0
153.0
342.0
473.0
231.0
405.0
192.0
248.0
317.0
10.0
478.0
440.0
48.0
348.0
64.0
133.0
207.0
318.0
62.0
282.0
477.0
123.0
50.0
68.0
400.0
134.0
329.0
264.0
451.0
216.0
68.0
292.0
26.0
286.0
452.0
235.0
246.0
241.0
189.0
189.0
424.0
348.0
122.0
124.0
380.0
417.0
185.0
422.0
383.0
266.0
311.0
145.0
405.0
95.0
447.0
451.0
138.0
115.0
396.0
452.0
129.0
104.0
96.0
119.0
376.0
119.0
344.0
64.0
284.0
397.0
231.0
211.0
174.0
86.0
496.0
457.0
403.0
319.0
47.0
150.0
481.0
341.0
223.0
470.0
42.0
392.0
86.0
250.0
402.0
120.0
341.0
10.0
79.0
28.0
15.0
336.0
144.0
471.0
328.0
47.0
17.0
193.0
69.0
190.0
368.0
479.0
175.0
453.0
465.0
466.0
97.0
363.0
141.0
136.0
313.0
134.0
321.0
135.0
359.0
447.0
222.0
136.0
433.0
445.0
356.0
73.0
90.0
477.0
254.0
99.0
50.0
492.0
343.0
276.0
255.0
403.0
322.0
237.0
19.0
117.0
464.0
393.0
323.0
354.0
134.0
420.0
66.0
410.0
109.0
116.0
254.0
169.0
486.0
382.0
16.0
184.0
54.0
476.0
30.0
26.0
314.0
257.0
28.0
155.0
387.0
122.0
386.0
27.0
438.0
150.0
436.0
459.0
417.0
398.0
259.0
231.0
405.0
220.0
428.0
178.0
149.0
356.0
317.0
428.0
245.0
281.0
377.0
84.0
318.0
116.0
108.0
59.0
265.0
472.0
17.0
48.0
214.0
455.0
34.0
433.0
118.0
156.0
349.0
10.0
226.0
60.0
75.0
489.0
195.0
179.0
47.0
205.0
413.0
360.0
167.0
44.0
156.0
93.0
375.0
170.0
320.0
63.0
252.0
287.0
50.0
49.0
168.0
158.0
183.0
395.0
206.0
22.0
169.0
286.0
369.0
27.0
414.0
348.0
118.0
490.0
391.0
78.0
422.0
319.0
383.0
220.0
125.0
107.0
499.0
215.0
321.0
18.0
354.0
229.0
310.0
394.0
138.0
399.0
422.0
61.0
232.0
389.0
178.0
110.0
329.0
214.0
30.0
353.0
210.0
322.0
247.0
358.0
177.0
319.0
241.0
82.0
96.0
380.0
209.0
455.0
46.0
80.0
247.0
346.0
152.0
488.0
245.0
226.0
281.0
420.0
236.0
127.0
62.0
16.0
231.0
103.0
33.0
438.0
304.0
427.0
59.0
85.0
112.0
60.0
378.0
470.0
445.0
154.0
443.0
104.0
30.0
444.0
160.0
434.0
170.0
310.0
29.0
367.0
464.0
144.0
285.0
350.0
228.0
368.0
299.0
403.0
443.0
190.0
448.0
214.0
224.0
454.0
239.0
436.0
476.0
161.0
154.0
154.0
75.0
24.0
248.0
206.0
118.0
103.0
127.0
476.0
254.0
115.0
285.0
466.0
463.0
57.0
339.0
291.0
239.0
483.0
418.0
55.0
32.0
197.0
478.0
411.0
164.0
231.0
495.0
24.0
89.0
300.0
83.0
475.0
91.0
161.0
315.0
241.0
47.0
452.0
26.0
257.0
400.0
229.0
36.0
478.0
209.0
97.0
295.0
407.0
429.0
175.0
499.0
238.0
406.0
350.0
396.0
297.0
162.0
62.0
250.0
139.0
214.0
460.0
496.0
192.0
352.0
155.0
356.0
411.0
84.0
82.0
325.0
196.0
170.0
161.0
493.0
162.0
10.0
187.0
93.0
141.0
323.0
199.0
199.0
463.0
293.0
494.0
482.0
448.0
451.0
88.0
220.0
192.0
480.0
193.0
135.0
97.0
120.0
327.0
303.0
278.0
305.0
122.0
358.0
256.0
464.0
358.0
336.0
439.0
44.0
132.0
314.0
173.0
198.0
173.0
280.0
162.0
284.0
479.0
287.0
99.0
485.0
436.0
37.0
354.0
451.0
24.0
137.0
148.0
381.0
148.0
475.0
288.0
144.0
325.0
487.0
218.0
491.0
133.0
304.0
329.0
207.0
463.0
169.0
345.0
211.0
273.0
78.0
331.0
447.0
473.0
406.0
375.0
193.0
97.0
119.0
489.0
276.0
422.0
170.0
395.0
249.0
383.0
321.0
13.0
398.0
137.0
289.0
279.0
104.0
75.0
174.0
259.0
193.0
123.0
108.0
423.0
285.0
125.0
10.0
108.0
95.0
140.0
205.0
498.0
94.0
492.0
376.0
258.0
468.0
344.0
65.0
327.0
400.0
475.0
236.0
329.0
116.0
431.0
422.0
368.0
183.0
422.0
12.0
353.0
113.0
428.0
229.0
462.0
318.0
77.0
95.0
376.0
20.0
114.0
493.0
337.0
308.0
234.0
101.0
15.0
350.0
441.0
183.0
327.0
338.0
102.0
484.0
262.0
164.0
11.0
42.0
454.0
98.0
206.0
32.0
422.0
12.0
341.0
354.0
414.0
273.0
245.0
26.0
162.0
316.0
353.0
287.0
383.0
446.0
247.0
94.0
20.0
146.0
344.0
390.0
461.0
144.0
399.0
17.0
101.0
389.0
467.0
232.0
111.0
172.0
107.0
216.0
405.0
136.0
415.0
354.0
59.0
106.0
436.0
337.0
251.0
312.0
284.0
476.0
86.0
135.0
492.0
364.0
491.0
94.0
127.0
59.0
15.0
324.0
143.0
430.0
483.0
364.0
121.0
359.0
210.0
471.0
54.0
316.0
73.0
335.0
383.0
324.0
372.0
453.0
434.0
10.0
432.0
18.0
201.0
29.0
468.0
424.0
341.0
191.0
448.0
171.0
58.0
130.0
435.0
107.0
271.0
359.0
45.0
31.0
157.0
141.0
153.0
317.0
306.0
52.0
363.0
125.0
213.0
437.0
199.0
389.0
481.0
373.0
407.0
139.0
150.0
211.0
310.0
433.0
296.0
33.0
428.0
208.0
397.0
211.0
356.0
26.0
70.0
60.0
48.0
330.0
257.0
440.0
116.0
52.0
163.0
382.0
61.0
334.0
410.0
262.0
334.0
438.0
226.0
71.0
258.0
63.0
387.0
171.0
441.0
76.0
223.0
61.0
69.0
59.0
280.0
192.0
477.0
79.0
473.0
228.0
116.0
385.0
290.0
209.0
373.0
368.0
340.0
50.0
233.0
111.0
41.0
327.0
31.0
340.0
48.0
326.0
340.0
164.0
320.0
457.0
255.0
238.0
383.0
52.0
461.0
166.0
366.0
318.0
95.0
349.0
295.0
180.0
94.0
119.0
151.0
177.0
147.0
474.0
45.0
211.0
66.0
235.0
462.0
226.0
445.0
313.0
31.0
153.0
61.0
352.0
69.0
97.0
453.0
28.0
344.0
32.0
160.0
448.0
26.0
435.0
187.0
335.0
304.0
139.0
47.0
391.0
116.0
164.0
486.0
134.0
230.0
302.0
400.0
230.0
436.0
373.0
407.0
210.0
430.0
151.0
470.0
167.0
373.0
303.0
310.0
327.0
403.0
488.0
500.0
268.0
154.0
12.0
374.0
31.0
75.0
108.0
55.0
483.0
114.0
396.0
289.0
236.0
435.0
482.0
125.0
214.0
248.0
303.0
200.0
378.0
308.0
437.0
99.0
395.0
105.0
500.0
37.0
366.0
419.0
131.0
311.0
56.0
391.0
93.0
340.0
87.0
375.0
433.0
15.0
445.0
354.0
142.0
251.0
165.0
131.0
497.0
184.0
143.0
407.0
30.0
366.0
488.0
480.0
426.0
158.0
13.0
327.0
136.0
252.0
204.0
239.0
435.0
438.0
467.0
17.0
37.0
94.0
316.0
332.0
376.0
75.0
25.0
354.0
164.0
289.0
424.0
234.0
475.0
344.0
375.0
193.0
48.0
13.0
188.0
363.0
375.0
358.0
228.0
490.0
303.0
383.0
393.0
90.0
252.0
452.0
309.0
301.0
302.0
141.0
362.0
484.0
404.0
280.0
487.0
496.0
434.0
288.0
187.0
98.0
161.0
348.0
79.0
389.0
245.0
281.0
432.0
80.0
223.0
309.0
121.0
316.0
327.0
173.0
354.0
54.0
286.0
498.0
89.0
48.0
285.0
65.0
210.0
231.0
406.0
211.0
192.0
364.0
497.0
415.0
273.0
172.0
394.0
441.0
247.0
302.0
382.0
250.0
140.0
179.0
310.0
400.0
243.0
219.0
244.0
232.0
212.0
292.0
195.0
392.0
59.0
278.0
176.0
154.0
320.0
58.0
202.0
213.0
43.0
387.0
458.0
93.0
416.0
414.0
25.0
495.0
348.0
369.0
164.0
361.0
406.0
332.0
233.0
428.0
386.0
295.0
438.0
461.0
455.0
306.0
202.0
148.0
91.0
281.0
20.0
14.0
162.0
14.0
254.0
186.0
176.0
286.0
104.0
34.0
187.0
18.0
434.0
440.0
466.0
79.0
39.0
150.0
436.0
338.0
243.0
337.0
428.0
327.0
261.0
317.0
477.0
141.0
494.0
151.0
469.0
216.0
85.0
463.0
70.0
377.0
86.0
284.0
92.0
231.0
337.0
337.0
219.0
322.0
318.0
260.0
400.0
99.0
454.0
121.0
121.0
375.0
94.0
158.0
40.0
319.0
124.0
378.0
312.0
286.0
494.0
286.0
448.0
150.0
450.0
264.0
340.0
266.0
160.0
423.0
366.0
195.0
257.0
422.0
451.0
136.0
32.0
337.0
203.0
33.0
413.0
126.0
222.0
182.0
210.0
61.0
310.0
400.0
165.0
365.0
336.0
132.0
449.0
83.0
21.0
14.0
197.0
36.0
289.0
256.0
472.0
68.0
438.0
92.0
276.0
394.0
258.0
202.0
130.0
183.0
18.0
187.0
277.0
196.0
290.0
73.0
421.0
217.0
390.0
319.0
283.0
457.0
452.0
94.0
470.0
220.0
59.0
482.0
305.0
146.0
179.0
337.0
344.0
142.0
203.0
374.0
422.0
115.0
347.0
326.0
364.0
109.0
401.0
61.0
174.0
373.0
216.0
476.0
267.0
106.0
362.0
329.0
418.0
193.0
378.0
307.0
252.0
11.0
259.0
388.0
439.0
489.0
494.0
275.0
482.0
123.0
196.0
107.0
435.0
425.0
498.0
222.0
142.0
443.0
182.0
62.0
95.0
473.0
134.0
209.0
100.0
316.0
82.0
428.0
493.0
373.0
221.0
127.0
275.0
22.0
479.0
43.0
338.0
375.0
310.0
319.0
32.0
249.0
45.0
210.0
142.0
39.0
203.0
298.0
193.0
156.0
140.0
288.0
182.0
127.0
488.0
478.0
228.0
312.0
285.0
403.0
298.0
479.0
104.0
328.0
490.0
165.0
60.0
456.0
305.0
240.0
497.0
115.0
266.0
283.0
164.0
428.0
358.0
54.0
23.0
437.0
481.0
91.0
89.0
351.0
467.0
120.0
50.0
31.0
392.0
128.0
205.0
339.0
340.0
292.0
351.0
166.0
142.0
20.0
210.0
15.0
128.0
65.0
243.0
486.0
209.0
492.0
348.0
54.0
93.0
368.0
162.0
244.0
303.0
429.0
181.0
254.0
253.0
328.0
324.0
349.0
135.0
373.0
463.0
417.0
321.0
248.0
180.0
239.0
110.0
41.0
214.0
366.0
185.0
372.0
293.0
463.0
455.0
416.0
492.0
328.0
135.0
476.0
473.0
32.0
20.0
468.0
361.0
185.0
16.0
392.0
432.0
387.0
313.0
496.0
309.0
97.0
490.0
223.0
174.0
27.0
184.0
169.0
116.0
27.0
221.0
340.0
197.0
184.0
458.0
475.0
305.0
438.0
31.0
39.0
466.0
183.0
237.0
146.0
253.0
150.0
238.0
207.0
463.0
69.0
444.0
464.0
492.0
462.0
187.0
402.0
388.0
288.0
266.0
433.0
131.0
499.0
483.0
215.0
359.0
340.0
163.0
102.0
44.0
51.0
167.0
418.0
14.0
248.0
416.0
451.0
185.0
491.0
299.0
416.0
186.0
418.0
465.0
39.0
284.0
236.0
36.0
411.0
360.0
79.0
