20 45 56 137 138 195 209 275 288 394 430 448
11 19 23 48 53 65 73 136 150 157 176 221 241 245 294 342 394 405 429
38 88 135 172 173 199 201 234 250 284 294 337 371
6 11 23 69 79 91 99 194 228 234 237 248 275 279 385
13 17 33 84 135 172 179 213 215 242 288 326 328 348 368 385 446
11 15 32 70 156 179 220 222 231 233 343 365 369 379 380 397 406 446
43 44 69 100 119 138 163 175 276 284 290 308
4 63 65 176 254 257 300 308 312 313 326 357 405 407 431
29 36 63 90 136 152 165 189 193 195 258 287 310 420 425 439
11 22 64 68 73 167 220 241 245 255 274 278 339 376
7 23 85 87 130 146 184 214 218 255 311 345 447
31 35 57 201 209 222 224 230 267 292 326 335 390 406 409
14 58 79 96 109 145 150 156 167 186 239 264 330 344 358 384 403 421
25 43 49 55 110 167 186 200 261 304 341 343 377 386 400 425
22 69 106 121 123 184 221 226 343 402 416 419 420
135 189 216 279 285 310 329 393 402 437 441 450
37 54 102 167 205 228 274 306 313 326 348 376 382 441
30 38 48 52 63 67 70 130 131 139 185 211 310 366
1 52 68 93 184 199 226 318 346 393 419 420 429
12 28 97 137 159 160 174 279 281 292 306 327 339 341 346 366 402 449
16 19 22 39 46 51 80 107 111 160 187 225 269 274 330 346 360 426 438 442
2 47 74 95 211 267 271 274 282 298 310 339 364 389 433 438
21 27 50 54 87 91 102 191 192 216 252 300 317 337 340 387 411
21 28 53 74 91 121 173 189 247 265 347 354 365 374 397 431
8 25 35 46 116 164 168 203 214 219 220 228 238 242 327 357 383 435 443
37 65 106 138 160 178 179 183 279 333 346 408
34 38 43 46 53 60 62 90 98 101 132 184 189 193 203 217 261 355 444
18 78 116 147 162 164 185 242 274 310 316 360 387 412 444
41 51 67 165 196 202 239 272 289 290 313 314 334 433 444 447
66 70 72 80 83 87 119 138 156 177 213 233 302 314 316 324 356 359 409
26 53 80 88 122 158 213 269 285 311 336 337 345
49 61 75 82 87 91 102 119 155 256 259 272 301 322 348 359 360 382 406
37 50 95 155 159 166 210 224 239 250 259 263 279
5 48 53 78 131 137 178 192 199 230 231 270 294 330 360 366 427
80 116 118 119 177 228 244 307 346 362 366 413
29 65 89 124 142 196 206 215 243 272 281 289 330 402
21 29 53 68 76 118 123 192 220 238 254 266 318 319 394 403 430 433 440
40 65 71 79 120 127 144 147 165 191 201 241 276 325 420 441
104 126 131 145 159 170 211 227 247 299 302 321 329 347 360 393
3 66 71 98 127 135 194 196 223 264 299 315 384 447
20 90 93 95 116 160 168 184 195 217 275 295 299 333 349 355 371 389 397 430
33 56 59 71 85 122 180 217 237 246 255 298 319 338 344 355 377 380 381 434
33 41 144 267 334 344 355 360 363 379 396 412
6 67 79 101 105 178 201 268 272 282 340 358 359 368 372 373 377 430 439
87 102 115 148 159 167 233 255 274 288 295 305 316 324 330 332 380 399 402 446
44 51 63 71 72 127 141 145 162 173 224 300 314 352 371 411 430 441 449
42 82 95 121 146 161 183 207 215 230 374 386 417 421
33 73 100 151 187 217 295 342 382 426 432 449
49 94 184 216 239 246 250 263 270 343 356 396 421 429 447
58 73 116 145 161 236 255 276 313 369 394 402 411 429
23 54 62 98 102 106 113 114 178 193 196 233 269 283 291 309 335 399 438
45 48 79 93 106 159 186 199 222 240 254 292 345 376 380 393 398
16 23 31 33 37 44 112 133 184 200 261 273 277 278 335 374
17 27 69 102 146 166 174 183 187 188 190 247 267 282 323 356 367 443 446
29 52 179 183 195 218 251 253 284 301 315 316 331 358 377 389 392 438 442
24 31 82 90 92 110 123 226 264 268 359 362
34 64 72 122 140 220 266 313 395 417 440 445
10 43 97 108 152 200 265 308 389 394 417 431 441 442
32 43 53 140 163 191 196 239 266 276 328 369 381 386 396 418 423
39 104 109 122 142 162 175 283 295 360 363 394 448
37 54 78 99 170 185 195 265 291 313 315 338 383 440
34 66 119 164 195 220 317 333 334 395 415 419
10 26 82 103 130 152 174 176 216 217 343 401 411
10 23 27 77 90 124 192 234 272 330 347 369 380 385 399 410 416
19 38 48 124 190 244 289 327 339 357 361 387 407 432
10 11 16 65 124 134 162 187 189 196 210 232 283 352 364 375 433
101 141 151 164 166 196 268 271 280 289 314 338 367 385 386 389 445
3 21 29 33 75 133 144 182 184 210 214 244 283 313 377 380 389 426 445 446
52 91 118 136 137 141 191 210 223 258 305 308 341 357 379 380
37 104 113 178 196 207 219 236 249 253 281 298 379 383 390 431
13 19 27 37 57 126 134 159 171 194 304 346 354
3 18 37 39 60 88 89 99 120 138 151 161 174 369 378 381 384 439 444
95 106 133 148 174 191 206 223 236 253 300 305 390 395
87 116 117 128 135 143 173 175 230 243 245 248 255 300 303 385 397 413 428 446
1 26 112 126 132 142 166 169 182 192 212 255 279 324 361 368
7 112 178 219 233 297 298 325 331 349 431 445
5 32 35 54 126 139 165 243 272 326 397 406 424 443
7 72 113 191 220 335 402 406 415 425 436 444
5 18 23 61 114 173 200 220 251 291 331 340 349 368 369 372 390 395 406 423
12 24 69 81 96 99 114 171 221 252 269 287 327 370 413 415
15 16 50 77 87 110 116 136 216 230 247 279 351 357 388 421
40 51 62 68 86 110 148 151 164 173 178 233 294 303 304 364 405 414
30 35 68 77 88 123 136 243 259 267 288 289 303 314 335 367 369 370
16 25 28 32 39 71 82 94 184 190 198 215 255 364 369 373 378 401 430 440
3 18 20 154 160 167 248 281 292 327 335 352 395 406 428
5 33 52 73 80 109 139 181 206 235 245 254 292 319 345 346 388 416 428
13 27 32 86 101 103 120 164 184 206 207 211 245 265 327 395 423 428 442
24 44 61 139 187 191 212 213 232 263 265 278 305 313 321 366 380 400 407 432
15 45 50 55 57 61 87 111 113 115 158 165 186 204 206 227 324 341 352 450
3 83 114 151 154 157 186 264 278 279 285 340 348 447 450
11 15 27 62 94 95 138 139 196 254 318 345 434
9 23 37 71 75 122 154 167 170 172 202 212 359 370 405 411 437
115 172 193 205 210 216 237 239 271 280 308 338 347 359 367 398
48 56 98 125 127 134 179 213 249 254 290 396 403 408 421 423 428
8 21 65 77 88 138 146 148 151 164 236 239 240 247 256 297 325 390 411 439
33 51 65 71 92 139 144 176 185 255 339 345 346 406 409 450
24 31 45 86 148 218 229 230 285 297 306 357 358 363 366 385 397 398 402
23 37 38 53 93 121 145 146 150 157 159 172 209 215 239 330 332 348 350 401
2 33 51 100 131 149 182 204 215 236 237 242 249 278 308 335 384 415
2 7 31 39 108 146 170 228 230 233 252 260 287 302 367 406 430 441
37 91 92 121 137 158 176 193 198 269 297 306 337 372 377 381 385 422
27 39 105 106 155 162 246 272 290 334 341 344 433
2 3 38 77 86 94 103 110 137 180 225 286 293 320
34 54 60 99 101 119 150 172 277 283 302 331 347 358 375 432
10 34 54 66 90 123 151 182 195 225 227 255 275 296 333 340 368 379
52 59 81 88 111 122 124 151 158 216 228 232 320 385
13 69 87 156 192 196 218 238 252 288 328 377 382 383
47 61 163 187 236 254 272 276 307 317 348 349 382 411
33 93 156 162 163 212 227 238 272 284 306 312 318 327 351 368 403 411 432
13 23 98 183 196 206 215 228 284 351 394 405 438
112 122 123 131 147 168 197 226 236 274 277 287 325 335 443 450
12 67 81 84 113 133 145 214 279 284 320 333 385 421 423 431 434
32 40 45 56 79 124 138 147 209 252 302 310 313 324 334 346 369 383
12 57 72 110 170 184 199 212 281 305 306 322 324 440
6 79 103 108 125 128 185 195 198 206 218 234 357 367 395 411 425 437
9 14 51 76 115 116 158 189 192 220 269 296 297 307 366 423
10 37 42 134 146 158 195 219 310 326 357 370 406
11 66 72 109 112 118 148 150 166 187 217 237 247 265 270 278 366 431
41 63 67 109 161 173 174 178 242 295 300 341 373 403 435
1 24 38 52 146 158 167 173 229 282 292 382 399
29 90 130 159 244 277 287 348 350 371 386 412
18 145 193 204 223 243 279 290 298 313 374 400 439 440
31 84 119 124 127 129 132 144 199 204 219 222 238 240 303 404 409 418 429 434
7 65 124 137 139 165 235 273 383 403 409 420
5 6 30 40 75 93 107 160 171 190 215 221 235 260 283 436
16 67 96 99 121 135 173 182 186 200 227 234 282 294 403 425 435
26 31 40 50 57 61 118 144 151 158 162 193 321 335 407 418
1 2 12 21 67 103 112 119 133 169 177 214 215 276 303 315 338 401 450
7 26 62 93 121 140 201 202 245 251 254 280 285 302 330 345 349
4 76 112 138 178 192 214 304 338 345 359 397 437
8 14 36 56 78 81 147 175 287 355 356 362 373 408
19 34 36 98 145 148 203 236 316 332 335 389 432 434
11 13 34 95 108 112 129 134 182 199 205 252 322 376 386 406 438
17 36 74 88 91 141 146 147 176 202 226 248 286 309 361 420 442
28 37 49 55 79 125 184 213 251 258 265 321 331 337 375
19 23 29 61 115 154 183 206 240 245 276 304 307 321 400 429
73 78 117 129 173 181 186 232 252 269 297 309 348 360 374 398
20 39 45 88 104 152 273 312 338 351 426 447
117 190 212 219 225 233 250 266 300 390 393 398 405 415
6 18 60 61 82 137 173 204 217 226 327 424 428
21 60 79 93 104 129 155 212 225 325 346 362 401
65 109 123 140 148 237 264 265 278 301 353 382 386 405 437
9 20 25 56 68 158 169 209 239 242 250 286 299 308 314 356 359 363 399 425
4 6 49 84 87 142 151 191 206 229 239 288 347 359 362 377 401 410 443
2 30 46 69 85 143 171 208 218 261 296 303 327 343 383
13 18 47 50 64 67 79 121 194 312 357 416 442 445
6 59 90 101 158 190 241 283 300 333 387 393 406 413 445 448 449
4 53 91 130 153 196 236 272 306 352 399 429
17 141 152 175 246 248 275 306 352 379 395 404
19 35 36 80 113 119 124 153 212 239 246 317 384 396 429 438
85 93 125 161 179 184 235 288 294 385 388 408
96 101 118 150 183 205 207 285 359 398 401 412 419 432
38 59 62 82 140 162 224 233 243 251 256 264 265 293 294 348 354 381
14 36 82 96 99 107 160 208 235 252 302 307 310 345 350 378 410 420 437
9 41 170 190 215 224 243 245 250 274 278 353 354 361 383 414 436 438
21 29 57 152 156 159 185 204 223 244 247 260 261 301 303 318 346 358 404 406
24 36 68 94 118 155 248 263 264 265 323 324 364 376 443 446
20 33 67 90 113 141 155 161 185 323 326 357 380 413 424 438
3 53 93 101 106 176 190 201 203 213 247 252 303 322 334 335 351 361 383 447
15 62 155 176 252 269 274 286 347 402 407 409
67 72 125 129 135 140 151 153 183 194 228 266 295 299 327 331 360 367 407 432
5 59 60 73 104 151 163 238 239 248 260 289 308 356 415 426
46 61 81 126 135 250 251 255 289 320 329 366 372 398 436 439 440
39 50 56 71 122 136 142 148 253 264 289 364 388 418 440
29 42 58 129 228 244 266 307 321 345 362 388 437
36 43 71 82 91 103 142 172 195 225 288 303 429
8 12 19 28 97 114 201 218 244 272 279 299 301 306 319 400 422
9 12 39 43 243 245 304 313 331 338 387 394 396 404
12 29 57 64 69 97 101 198 249 269 293 294 306 321 352 356 372 389 439
5 11 14 38 43 64 173 251 339 387 388 408 417 446
9 11 32 52 77 83 187 189 201 208 297 313 339 373 383 394 434
54 61 86 121 183 184 185 250 254 271 273 297 319 322 330 343 345 353 357
6 8 25 61 79 105 137 142 150 159 163 203 213 242 283 322 359 406 429 439
98 103 121 126 142 147 155 172 192 230 237 246 265 270 290 292 314 316 373 385
22 37 38 91 123 176 199 202 216 225 245 294 327 333 357 378 387 447
17 23 33 79 103 127 173 232 269 275 311 385 401 405 407 421 430
58 63 105 116 135 206 219 224 250 268 318 377
86 116 145 160 177 226 279 302 312 318 321 331 356 360
20 25 38 80 101 108 147 161 210 277 336 443
68 119 132 187 189 196 237 248 272 315 337 363 394 417 420 438 440
4 15 71 89 93 167 202 269 300 324 331 346 366 394 435
11 34 41 106 128 133 182 259 273 275 360 413 416 423 449
59 74 86 106 113 133 151 176 219 257 264 267 328 332 338 408 445
116 123 257 281 337 343 351 360 370 376 391 439
2 50 64 95 107 139 141 186 226 296 300 362 379 402 415 422
4 31 85 116 152 168 190 250 273 274 310 396 405 446
70 157 262 269 273 276 287 292 298 359 360 395 419 421 431
2 11 45 131 144 170 181 223 244 269 294 346 356 369 393 440
1 2 27 80 143 161 236 245 310 342 350 375 383 390 420 448
15 24 44 129 146 147 162 181 241 260 261 293 299 369 377 388 394 395 407 423
10 62 106 115 117 129 171 207 217 227 262 294 390 403 404 420
22 24 62 106 117 135 138 152 184 213 214 237 238 239 251 283 297 304 418 442
52 171 192 242 257 295 307 315 316 362 372 393 395 403 436
17 76 79 97 168 190 237 246 354 369 383 396 406 415
34 60 67 70 94 163 183 187 210 225 234 243 322 331 353 364 411 419 437
1 2 96 97 167 218 288 325 369 387 435 438
6 17 26 33 46 87 100 146 161 165 191 229 321 328 338 347 349 357 439
29 44 92 120 186 197 225 244 272 278 285 295 313 334 367 412 431 438
35 89 90 128 146 201 209 279 289 295 316 336 415 444
12 23 82 155 193 290 325 330 334 339 349 356 383 399
2 28 45 53 70 79 119 130 158 188 227 254 273 315 418 426
21 95 103 134 152 158 163 315 376 442 443 449 450
19 23 83 94 110 180 208 221 297 321 344 354 381 405 420 421 439 443 449
104 134 151 193 243 297 340 348 349 356 382 438 442
72 76 159 174 197 204 207 238 269 304 357 368 376 400
10 15 33 47 64 76 206 220 292 295 366 416 421 444
28 37 77 82 172 182 200 240 258 263 306 333 349 353 373 400 427
8 16 42 121 143 162 165 171 181 183 190 235 354 358 366 385 423 432 447
23 31 34 38 54 63 113 128 130 147 153 237 238 261 288 343 346 369
2 51 52 65 111 137 139 178 211 221 274 293 311 326 331 333 412 449
44 46 52 129 185 204 248 257 270 296 320 336 337 392 408
54 70 143 159 200 207 211 247 248 270 287 292 313 315 400 440
11 100 162 196 263 295 326 332 342 344 385 445 447
2 8 34 53 100 106 137 177 188 245 293 312 319 368
31 32 43 64 70 122 135 157 211 265 303 321 322 367 385 441
67 147 165 177 201 207 211 229 237 244 285 305 356 397 449 450
9 71 82 86 117 172 211 238 286 302 309 325 339 343 358 370 416 433 438 445
5 8 53 55 107 122 127 177 290 312 347 353 359 369 396 444 446 450
52 76 131 135 141 177 178 193 210 255 269 330 332 365 434 439
47 88 105 199 215 260 271 316 348 414 419 429
47 63 103 180 200 206 229 266 304 350 366 375 386 392 410 421 432 434 440
2 8 18 48 59 74 98 118 122 154 156 158 177 188 249 379 423 439
4 19 27 85 126 132 141 188 224 291 317 321 328 338 349 408
70 91 103 127 168 179 190 204 217 245 268 306 339 362 390 402 410 449
13 18 39 65 99 190 204 232 236 259 268 322 386 413 422 445
28 131 157 181 197 224 239 297 351 355 356 371 372
37 69 123 148 169 216 280 284 290 332 370 384 410 422 432
52 53 86 190 210 213 215 253 268 315 322 354 376 410 414 448
71 102 117 125 127 148 151 154 173 245 261 284 309 327 337 371 391 436 438
55 57 79 139 140 175 183 227 254 265 335 380 399
4 9 14 36 47 80 81 106 114 122 161 202 222 270 277 326 328 375 427 432
33 97 145 151 154 162 208 221 227 240 267 338 360
6 23 97 226 282 322 331 377 386 417 425 427 433
4 38 49 57 105 128 131 142 169 243 252 291 309 315 328 360 427
7 16 21 75 113 171 318 337 351 352 364 408 434
33 46 56 94 172 174 184 188 203 204 220 295 338 348 375 389 412
11 20 25 51 114 192 253 267 327 373 387 395 399 426
89 91 100 139 152 166 171 189 194 200 264 277 280 299 383 384 427 439
17 34 80 106 111 146 247 273 296 336 359 361 380 405 449
8 23 118 255 263 319 378 388 403 426 430 445
26 37 45 68 78 99 100 119 163 166 248 253 322 338 342 398 403 435
24 39 51 158 219 222 225 250 270 275 319 352 368 383
16 107 115 155 157 165 177 215 229 241 251 260 279 387 396 440 441 442 445
4 25 89 114 117 148 152 168 285 291 300 313 320 341 356 400
5 58 85 97 104 120 125 143 199 263 275 349 373 376 444
11 13 21 23 98 108 125 177 183 185 197 291 295 350 368 401 412 414
22 77 87 139 161 199 234 240 299 374 389 392 403
7 19 60 124 139 166 229 235 247 262 319 329 367 381 383 411
14 20 75 89 158 200 225 240 312 332 364 368 384 406 417 443
39 51 95 114 130 135 166 182 265 280 330 358 412 422 439
40 49 81 106 110 153 157 208 209 213 268 290 304 308 317 327 332 417 432
104 132 176 244 255 315 322 372 406 416 428 450
13 15 134 155 156 163 177 180 225 272 303 358 384 404 411 418 431 444
19 26 37 79 93 148 196 245 246 264 277 281 283 357 430
43 68 107 205 227 238 262 264 277 279 292 293 308 334 338 341 346 383 406 446
52 64 93 95 117 218 230 274 313 349 375 396 423 433
12 58 83 95 108 150 154 170 220 263 268 319 372
64 83 93 98 106 108 144 160 276 288 329 331 406 413 449
13 17 35 109 122 133 198 207 226 252 267 309 325 346 378 450
9 30 44 74 101 137 163 195 197 216 239 247 262 281 334 427 448
5 52 60 68 71 225 229 239 264 272 323 341 342 348 350 356 369 432 444
2 18 36 47 63 105 196 212 221 226 243 244 271 283 285 369 371 378 403 422
2 13 69 171 177 183 186 203 273 277 317 328 335 419 440
41 58 113 136 158 175 203 207 225 229 307 329 342 358
9 28 35 50 54 59 108 109 120 147 149 155 168 186 242 275 317 353 401
9 63 122 201 225 260 267 318 335 364 414 448
19 33 47 91 94 199 240 246 260 292 441 447
6 12 13 58 98 118 181 250 320 340 400 406 409 411
39 73 133 141 183 206 213 296 332 411 412 423
4 23 48 97 129 153 220 221 255 289 296 307 332 362 378 435 450
10 18 32 37 45 52 89 105 118 154 217 227 244 261 302 324 351 376 403 405
113 167 172 174 183 202 213 216 251 318 345 429
41 62 194 211 233 251 274 296 323 333 359 380 406
5 47 93 105 200 217 249 282 331 350 396 436
7 9 45 116 120 131 142 149 276 296 332 450
9 21 43 75 82 154 232 246 252 258 259 382 415 419 448
17 52 93 166 188 240 273 275 280 282 343 362
31 63 64 113 125 131 137 155 194 198 215 283 302 351 372 380 385 414 418 420
36 45 51 88 98 191 206 234 241 311 324 370
40 57 80 90 164 178 195 208 222 246 247 249 323 374 399
17 57 95 98 106 231 245 263 276 284 325 390 394 423 432 447
4 40 44 51 75 94 137 141 191 206 207 291 312 343 365 392 414
3 13 44 50 123 136 184 193 217 219 224 228 253 284 390 404 414 447
24 31 54 57 138 170 179 263 270 301 324 348 350 366 370 397 408 436 444
22 34 42 64 71 90 138 144 151 162 185 196 217 249 251 340 349 365 367 371
4 24 26 90 115 130 257 266 277 279 286 312 319 344 398 429 449
33 52 85 106 110 198 225 239 243 258 287 323 328 380
20 50 56 78 88 89 91 99 119 151 185 195 202 288 415 433
4 64 121 123 127 137 155 198 200 248 289 300 328 344 367 379 419 447
3 20 40 45 51 77 106 146 154 167 168 243 283 298 364 373 384 388 411
12 36 59 178 184 212 282 305 341 345 360 380
41 45 60 70 106 146 149 166 199 224 227 245 297
7 9 57 91 107 118 149 182 183 220 221 246 299 370 410
2 4 23 56 57 58 162 170 202 204 233 235 295 326
8 30 44 120 148 178 210 212 244 290 348 356 378 383 389 403
13 16 26 61 98 129 162 179 189 194 205 238 250 303 315 321 326 361 414 436
1 19 101 171 196 230 241 262 359 389 392 396
9 32 48 56 59 93 130 144 177 193 235 264 266 302 366 378 435 439
67 77 83 179 215 256 271 275 278 335 381 392 399 417 431 436
22 37 50 51 108 118 126 127 168 217 285 296 325 337 341 389 393 431
13 22 99 119 122 129 172 174 202 203 296 298 346 363 407 437
37 62 73 108 114 193 195 233 293 307 341 371 418 427 450
35 37 65 67 104 125 127 128 150 172 179 225 255 372 402 431 438
2 6 24 37 48 56 73 87 96 102 132 156 239 304 351 371 375 384 403 408
20 81 94 121 191 198 245 252 325 389 434 435 445 448
38 99 134 161 259 281 297 299 316 336 363 366 370 377 434
12 13 59 150 179 192 213 250 303 328 345 385 439
12 21 39 70 80 86 99 142 149 172 223 242 247 255 261 286 308 337 414
1 29 33 36 38 84 104 113 138 150 179 199 244 266 286 356 425
48 63 85 90 96 197 201 212 233 249 280 359 400 423 439
12 59 111 182 242 260 263 268 273 278 295 342 361 402 417
29 43 57 66 72 153 172 194 205 272 298 305 332 343 386
11 75 90 144 154 178 231 259 273 351 353 354 358 399
12 14 56 64 77 83 96 174 194 224 240 270 313 336 345 376 382 396 416
7 18 63 85 93 141 143 158 195 202 223 238 239 248 380 447
54 76 99 104 157 213 225 236 241 294 313 315 346 399
50 130 138 171 195 215 285 291 321 351 353 357 369 411 413
26 88 97 109 110 146 154 161 172 184 188 240 251 277 313 323 405 439 446
3 9 68 73 85 102 143 150 163 183 201 342 378 387 402 421
5 42 50 55 68 73 77 91 201 203 242 255 303 360 379 382 402 409 418 433
28 42 99 123 133 201 206 231 247 260 281 307 350 387 436
7 18 40 50 58 70 96 105 124 128 137 148 211 241 291 298 373 428 436
10 35 53 73 91 100 109 130 194 220 254 295 355 359 411 421 428 435 449
65 76 97 115 135 165 193 253 283 290 375 382 392 426 431 432
51 123 127 142 194 208 218 225 290 305 325 330 344 356 366 378 410
36 37 46 131 144 177 219 237 333 345 368 432 444
62 85 120 125 159 170 185 187 212 223 257 281 291 300 320 353 450
4 113 183 190 240 250 253 282 296 310 422 436 444
11 15 34 46 58 107 135 143 185 186 247 291 361 365 385 393 405 410
17 29 52 76 80 84 95 103 110 126 252 266 345 424
23 39 41 45 46 96 99 234 250 253 263 271 307 339 363 384 414 434 437
1 45 55 68 74 93 123 126 148 205 245 311 322 421 449
17 85 148 183 250 275 333 341 351 381 417 418
16 17 32 63 104 136 173 199 202 257 269 272 283 343 350 351 403 434 443
43 51 77 84 114 124 138 140 153 179 195 207 263 275 301 302 333 373 445 447
28 32 77 102 114 117 135 138 146 156 165 203 207 238 324 380 382 408 414 415
1 55 93 111 119 130 135 180 198 201 203 231 232 253 266 303 371 394
10 39 48 54 89 97 157 171 172 179 265 274 285 321 347 363 394 404 450
92 104 170 243 287 347 351 357 367 412 431 446
5 57 74 96 116 117 120 126 176 193 198 216 218 296 324 402 413 418
40 109 121 127 160 168 211 222 265 269 292 293 311 325 361 387 391 404 406
23 91 118 124 171 177 241 250 257 272 305 337 357 443
20 40 84 114 129 162 189 212 245 268 297 311 373 410 426
4 13 54 83 116 169 239 309 321 351 371 375 395
5 23 56 62 118 187 213 218 222 247 319 348 350 371 394 433 442
17 30 56 105 108 126 131 170 178 202 209 225 234 235 362 402 420 428 435
12 38 75 91 115 142 155 180 187 198 206 251 259 275 293 304 429 447
5 13 69 72 76 83 85 172 249 252 275 282 299 337 338 353 374 449
2 42 45 64 66 125 134 141 155 177 182 273 296 330 337 356 369 377 439
2 11 24 84 89 91 116 193 199 284 292 294 326 357 372 383 440 448
19 32 62 78 86 108 113 123 130 159 174 220 248 280 303 320 381 411 428
30 55 71 104 112 150 155 178 184 185 196 252 259 281 296 299 387 402 409 422
47 71 88 90 92 139 158 159 251 253 257 326 347 353 398 414 428 430
7 20 29 78 83 126 134 140 184 225 238 271 312 315 325 360 375 425
3 12 36 73 93 96 122 129 136 137 206 209 211 268 282 357 422
22 30 65 72 83 88 91 121 143 174 178 190 225 241 274 292 303 324 354 428
52 74 119 134 195 204 219 229 230 231 233 252 271 310 430
18 49 91 130 168 195 246 322 339 384 407 433
9 21 47 51 74 93 154 183 223 230 249 251 302 442
16 137 140 149 163 197 206 212 248 282 290 369 388
13 29 41 51 52 104 106 118 154 201 243 292 297 301 309 356 405
15 44 45 77 80 91 130 237 261 282 352 387 403 410 441
18 27 38 49 64 75 88 92 108 174 177 198 235 239 284 285 363 368 429
39 73 97 122 164 177 183 221 250 260 320 338 358 375 376 418 431
26 44 64 79 90 123 155 156 272 293 298 299 316 349 360 365 415
45 60 110 115 141 161 202 230 237 244 299 313
5 9 101 150 170 191 200 273 298 380 387 432
4 46 63 87 105 224 237 244 252 300 305 315 374 392 393 419 430
11 14 46 113 119 153 178 189 232 237 247 287 299 303 400 415 439
49 75 103 186 195 196 199 205 208 222 236 286 332 357 411 415 440
1 28 44 49 187 203 207 216 217 272 294 306 350 370 372
3 18 32 40 55 76 78 86 106 121 224 252 264 329 361 402 403 406 427
5 19 41 47 75 81 187 212 385 408 413 429 433
16 24 36 64 126 132 139 142 159 182 195 248 267 268 331 357 431 450
16 29 31 92 101 135 143 208 250 266 302 346 396 416 424
2 53 72 87 104 115 121 183 195 243 250 278 320 331 388 391 394 438
7 59 86 93 153 167 191 211 216 226 269 297 409 448
35 38 97 109 110 153 160 163 184 253 278 287 293 318 364 417
37 48 130 142 166 187 220 258 286 308 362 369 388 403 435
23 25 36 87 105 108 113 130 133 138 178 243 268 287 318 350 351 359 360 442
10 43 55 85 151 195 201 209 252 254 299 422 441
58 88 129 143 177 178 182 196 221 259 265 266 342 355 386 390 406
18 72 116 128 139 154 175 224 346 353 391 397 412
58 213 229 282 295 322 333 343 365 374 381 396 406 445
1 16 39 44 60 77 184 215 220 231 237 300 340 405 446
69 77 93 109 110 124 152 220 279 282 290 348 361
41 45 77 78 125 148 179 214 244 256 260 268 354 386 441
28 32 44 46 67 104 110 167 178 211 342 357 442
37 49 60 62 90 94 144 151 163 176 237 246 255 288 290 330 341 356 372 439
30 70 74 82 104 126 183 210 215 221 237 263 288 315 359 382 384 412
14 32 130 142 146 152 159 186 211 230 257 289 292 300 333 355 358 372 384 423
21 51 57 76 102 111 118 124 138 240 261 309 326 354 390 415 432
15 43 74 153 167 224 283 307 389 400 417 434
36 49 55 65 98 160 185 230 286 291 316 341 420 439
27 60 114 147 182 209 226 241 280 292 410 413 418
62 92 145 169 178 194 235 277 317 320 333 372 399 406 420
8 23 45 91 122 145 164 185 223 291 312 318 322 334 345 362 374 377 378 443
4 115 123 134 185 195 205 228 238 246 253 279 316 329 349 354 370 402 423
15 27 40 50 51 114 121 133 155 160 181 291 292 334 340 344 363 368 384 395
17 27 53 77 111 115 129 159 180 185 192 215 236 248 280 287 332 340 448
164 225 251 280 289 306 318 347 348 356 391 397
28 29 35 99 166 188 211 318 333 351 362 395
13 22 35 60 68 87 101 102 135 160 187 219 267 365 366 377 409 422
16 81 87 154 160 178 245 249 304 312 349 390 397 417 448
27 32 34 55 68 145 192 197 211 238 252 257 261 285 308 318 331 390 434 441
1 3 80 87 95 118 121 141 159 182 248 351 353 359 405 411 416 425 429
4 77 86 91 118 133 167 189 229 235 237 347 363 385 422
52 72 98 113 121 183 222 232 241 245 297 357 403 450
8 23 67 123 142 152 162 185 191 207 210 230 299 336 354 395 406 417 418 424
44 52 57 73 79 86 141 163 164 181 216 243 270 383 406
11 60 64 118 128 139 167 207 219 228 265 307 311 326 331 358 403 429
11 20 39 69 136 153 172 178 210 221 286 296 302 316 449 450
7 17 56 97 113 193 194 200 233 234 246 286 289 305 325 372 408 413
2 98 155 162 164 196 214 243 294 360 393 415 417 434
5 30 60 112 135 173 201 224 266 267 363 369 370 401
42 83 115 153 190 210 288 300 307 315 336 345
66 72 125 141 142 165 182 185 192 224 238 295 337 349 380 382 397
24 25 42 45 82 110 129 135 156 175 192 196 236 310 333 363 443
28 40 55 78 166 178 201 211 257 269 275 286 314 342 357 381 411
118 123 130 170 185 265 271 300 311 321 323 330 340 367 377 413 439
7 45 58 74 77 120 164 234 260 265 285 337 357 381 415 427 443
3 14 49 105 128 212 234 245 250 262 298 411 439
13 56 58 70 125 132 164 165 179 210 220 230 252 289 333 378 445 450
40 103 107 137 209 241 257 258 294 340 413 447
48 75 126 153 188 214 219 226 244 298 304 317 318 359 421 422 424 445
47 52 144 182 192 263 298 317 326 370 386 407
5 23 142 155 243 246 259 288 292 328 336 411
7 19 63 83 98 116 119 201 226 244 262 291 306 311 354 367 432
40 52 68 85 90 114 184 211 214 217 247 268 368 390
7 41 60 109 139 168 235 350 351 399 401 415
3 6 43 65 162 204 229 236 257 304 339 364 382 390 425
6 7 55 82 90 95 158 208 238 294 312 350 363 377 378 398 426 427
8 33 81 160 175 212 248 253 284 295 343 348 361 409
10 33 37 109 122 150 156 197 232 235 289 327 333 357 379 424 426 440
20 24 56 59 90 112 113 155 202 254 265 270 294 316 341 344 368 373 406 414
13 26 36 57 77 165 195 236 263 303 342 351 361 377 386 411
153 170 174 177 184 213 229 248 252 258 294 322 330 345 391 397 432 442
3 60 61 67 105 208 214 216 294 318 347 361 363 447
25 31 58 75 78 106 148 164 189 199 221 252 254 273 278 292 305 334 403 404
11 14 27 54 93 107 160 192 221 243 268 295 309 324 337 400 426 449
57 127 150 204 209 235 251 266 314 325 327 337 347 361 420 438
43 70 83 91 154 156 220 222 267 271 275 288 315 318 409 442 448
38 50 104 131 135 137 138 169 253 272 301 304 306 309 317 355 376 390 396 442
20 31 38 57 72 80 112 162 179 267 276 329 336 400 439
56 62 77 109 140 141 147 153 164 250 278 328 341 441
22 50 57 84 98 113 170 241 257 260 265 304 337 411
57 81 86 133 172 178 216 245 259 265 281 287 298 350
9 10 43 58 76 161 177 229 240 289 355 419 430
13 44 50 90 91 172 183 223 276 281 283 294 353 365 367 389
23 50 77 78 93 120 175 221 223 231 348 349 355 411 420 426
12 157 209 221 224 227 261 270 299 317 325 329 369 393 413
47 55 63 72 103 125 170 190 239 275 292 293 313 377 383 430
3 7 64 99 113 138 187 197 242 243 248 271 273 275 293 313 340 342 385 417
26 43 88 167 175 219 241 249 265 305 324 336 360 378 423 438 447
5 13 54 97 115 148 152 183 193 219 300 312 326 379 389 410 419
46 47 78 87 97 141 287 373 374 389 393 418
40 90 105 185 203 229 232 313 316 337 365 431
5 27 41 50 84 99 122 125 130 133 177 228 235 244 295 311 334 398 413 447
72 102 111 128 174 178 189 194 215 240 242 253 281 314 330 389 431
32 36 52 67 99 274 278 299 349 350 416 427 429 443
25 47 61 68 70 83 110 157 178 186 212 225 231 264 272 322 340 387 415
4 26 41 82 87 103 132 134 166 167 270 271 287 313 344 368 372
20 44 48 111 149 200 216 223 229 243 250 266 302 315 324 325 337 354 377 427
16 56 66 83 109 122 185 205 258 291 305 322 330 394 416 421 431
5 38 97 116 131 134 144 176 191 204 318 384
30 31 75 81 83 106 137 142 182 258 286 310 345 382 403 435 448
10 18 68 85 140 154 215 233 236 247 291 321 353 369 394
3 8 39 57 59 71 132 133 166 181 196 348 382 413 416 424 441
53 75 100 155 174 224 249 264 285 286 334 345 355 368 383 391 404 424
42 59 135 155 186 202 268 288 342 359 375 429
36 58 60 104 144 193 213 225 288 309 322 343 347 398 411 418 437
26 56 81 100 101 199 266 277 308 362 364 379 427
15 36 65 171 203 212 241 248 262 264 275 281 301 354
24 31 35 50 57 62 91 99 120 165 185 207 312 315 372 411
12 64 90 113 116 194 204 212 253 266 268 303 389 392
33 89 166 175 191 227 248 260 268 272 303 321 352 364 429 435 447
7 58 98 125 149 215 238 248 255 281 292 318 347 411
9 44 51 64 80 94 108 142 178 200 220 232 243 246 257 338 348 368 392 424
54 72 114 148 165 184 250 263 273 276 383 397 398 438 441 444
18 40 100 119 185 201 227 258 261 291 332 367 368 381 422 441
9 43 60 69 90 94 103 116 173 224 227 253 261 357 390 394 448 450
9 16 20 29 77 78 108 125 130 138 167 172 196 285 322 382 387 403 413 444
6 34 50 57 64 91 95 110 142 173 183 185 237 291 334 335 368 380 411
2 20 22 55 173 174 189 217 220 234 235 247 253 265 293 303 415
21 27 66 85 120 126 128 132 164 185 202 204 205 242 264 270 284 293 347 441
13 31 63 76 106 138 197 224 235 251 339 347
64 92 112 147 149 245 268 281 313 323 330 332 363 375 376 384 387
16 72 73 110 113 139 146 193 225 251 292 299 340 408 416 425 443
27 105 178 185 191 207 217 244 251 262 269 273 281 313 349 370 375 379 388 397
77 91 110 144 152 166 171 182 198 378 422 425 444 446
28 162 178 182 206 212 215 312 346 349 360 409 415 435 440
13 60 72 96 119 172 180 214 308 345 353 361 370 437
3 11 57 66 67 146 147 242 349 351 367 375 381 390 399 404
11 21 32 157 158 161 164 174 191 214 239 306 385 427
10 27 149 199 210 230 239 250 285 308 318 379 393
2 28 30 69 84 156 170 226 246 249 270 360 374 377 416 424 432 443
30 51 87 129 178 200 222 249 294 309 357 376 389
7 69 117 138 151 186 226 239 273 290 292 329 338 347 401 411
31 97 120 134 145 183 295 300 307 311 329 356 390 421 439
33 100 101 113 140 142 149 235 248 283 358 367 408
13 34 44 69 111 138 172 254 272 276 277 295 317 332 338 340 363 416 419 423
3 16 46 72 83 140 223 226 227 249 262 273 294 335 351 426
27 30 98 100 153 177 193 235 255 288 296 300 335 360 391 393 399 412 432
47 89 98 172 176 184 188 251 287 294 304 340 347 361 378 382 423 442
40 49 64 89 113 119 162 164 222 231 317 349 361 396 405 435
36 78 83 130 137 141 199 200 213 217 221 274 278 319 331 333 375 390 415
43 64 72 115 153 198 221 223 355 359 369 397 398 400 404 448
30 51 93 100 126 127 130 163 172 205 263 290 347 368 383 395
20 45 49 53 72 114 158 180 199 281 304 366 374 397 411
52 57 101 148 154 241 269 289 307 368 393 394
7 9 23 32 115 135 157 166 172 327 345 354 392 400 417 422 439
69 72 110 130 144 146 190 299 358 371 380 419 440
13 32 45 65 101 205 241 262 289 329 370 381 399 407 418
33 46 48 85 97 141 280 283 291 293 350 354 444
4 21 43 115 125 165 221 223 244 265 274 279 305 309 319 366 395 398 418
6 22 78 135 137 146 170 190 247 248 254 277 292 296 338 339 347 374 436
92 125 143 288 297 326 331 340 359 371 412 424
30 83 89 107 118 122 160 178 189 214 269 347 354 364 367 397 403 417 442
56 139 144 158 179 213 234 241 297 308 321 349 390 447
7 19 137 153 157 249 261 274 286 295 301 333 359 407 409 429
12 32 43 69 101 113 164 253 282 283 317 333 357 366 381 402 405
26 96 127 134 156 168 189 192 204 240 263 264 381 394
28 39 69 109 151 187 198 209 216 236 268 292 334 377 398
59 129 151 181 212 251 259 269 286 294 358 388 392 421 436 440
9 27 72 76 90 184 252 258 307 326 381 382 395 431 441
52 73 77 80 130 131 135 195 209 221 268 269 373 438 445
25 42 111 121 143 161 202 241 250 291 317 355 365
99 111 119 122 130 140 187 280 288 311 312 318 323 330 351 379 387 390 415 418
95 98 123 149 166 170 189 209 211 256 336 340 366 403 430 432 445
33 38 62 69 82 208 213 215 313 372 413 428
22 34 41 96 117 122 148 169 200 271 315 409
50 97 99 232 262 271 289 302 307 314 315 350 359 365 379 424
12 24 30 36 198 274 324 360 365 397 416 422 450
14 40 41 46 70 95 145 151 294 317 365 437
41 192 197 199 203 217 231 239 249 273 362 393 434
40 102 125 149 181 201 243 266 311 358 362 420
17 55 128 134 137 180 187 197 199 231 243 333 384 389
56 78 132 186 193 218 256 290 293 360 386 417 441
6 30 88 105 145 175 195 204 249 268 417 435
17 22 96 97 149 151 189 250 251 254 296 316 340 360 420 430 440 445
39 93 104 118 126 148 198 210 293 399 412 413 434 435
18 80 91 108 217 234 251 261 273 277 283 295 305 326 374 384 408 414 425 430
22 24 56 61 133 137 193 200 215 242 243 287 288 368 395
55 59 88 101 136 145 164 228 235 288 336 403 414 415
86 99 112 118 139 180 181 225 261 286 292 300 325 358 423
5 101 124 143 176 188 196 206 238 295 322 400 410 446
8 97 131 159 171 174 181 217 232 295 307 343 370 387 397 425
16 21 49 60 71 83 137 154 161 213 224 247 265 270 280 329 346 394 416 438
5 24 84 137 243 279 302 314 322 335 368 372 376 377 378 403 406 415 424 445
5 8 62 64 88 106 222 225 261 271 363 396 406 422 443
46 47 95 120 123 141 155 158 219 238 321 323
48 51 64 70 71 123 158 191 195 221 229 258 281 306 398 408 418 423 432 438
15 38 52 72 84 191 203 205 226 251 337 354 360
16 34 90 92 114 199 217 232 279 283 300 302 307 317 404 406 409 410 414 428
59 122 125 129 150 169 176 199 307 318 321 448
74 103 137 143 146 203 206 263 294 357 411 441
48 118 139 190 193 200 213 256 344 359 422 429
76 77 81 105 132 137 140 157 176 231 250 284 300 357 359 390 391
49 92 108 121 142 172 183 207 278 319 338 433
4 8 46 60 89 114 173 186 227 263 295 367 374 411
15 145 168 212 226 244 245 263 282 322 359 372 381 449
10 69 91 100 103 144 173 203 252 253 264 270 327 334 379 398 433
159 177 196 198 210 221 268 278 291 298 339 356 392 401 422 426 432
44 84 89 104 109 145 177 212 238 245 286 290 328 369 388 404 450
24 48 75 85 152 198 284 302 304 379 385 424 443
4 74 77 90 119 139 144 168 192 243 244 264 274 304 313 321 334 382 397
103 104 125 126 136 150 200 204 269 322 349 371 380 434
13 16 24 46 76 129 144 153 202 254 355 382 423 444
24 48 53 81 86 113 116 125 128 137 198 260 294 307 318 441
40 42 116 147 172 177 254 260 271 278 282 286 287 296 304 365 392 414 425 435
19 44 64 126 178 231 297 307 330 343 362 375 413 443 445
1 14 46 70 84 112 152 197 215 219 266 283 295 342 360 420
8 30 55 67 81 86 90 130 147 175 217 287 334 339 414 415 423 435
45 56 87 91 102 138 148 150 164 207 243 244 268 275 304 336 340
9 28 39 72 79 94 106 136 161 210 242 255 268 296 383 405 440
23 62 66 67 87 131 156 208 222 234 248 281 309 345 410
1 5 15 22 82 112 121 123 169 272 275 293 301 324 342 344 413 428 446
18 25 69 80 92 136 142 165 187 229 256 277 374
23 30 37 68 92 112 126 150 179 211 266 267 329 334 379 387
15 91 92 102 218 231 281 341 349 357 391 410 413 417
6 74 78 99 106 175 188 191 213 236 237 308 332 370 408
1 122 170 183 199 227 275 299 313 322 342 360 380 394 401 431
43 62 76 85 116 145 184 193 234 266 269 280 281 315 325 432 445
31 48 85 122 132 135 185 239 260 286 336 347 362 369 372 425 435
11 16 68 74 93 144 146 170 210 215 260 308 313 340 355 373 386 398 419
42 43 70 76 88 121 122 140 147 197 334 350 388 416 431
56 58 101 132 175 193 264 281 308 326 355 361 376 387 430
3 14 23 61 100 111 127 151 194 325 352 401 419 429
44 109 227 234 253 264 311 332 379 397 401 406 409
27 52 130 162 173 174 177 193 206 213 241 245 307 324 356 360 395 398 413
14 191 203 216 223 274 306 350 355 375 396 413 427 438
24 71 97 112 132 143 165 176 224 262 337 423
32 125 146 156 192 329 367 378 398 417 430 433 440
28 97 99 111 162 167 168 203 261 275 284 292 324 333 352 390
7 41 122 132 135 180 181 190 191 240 261 276 289 308 336 385 420 430
23 27 44 90 100 119 131 157 249 346 369 371 429
45 62 94 136 138 182 193 231 274 304 314 400 408 440
44 90 99 115 149 168 182 205 291 332 365 400 417 421
1 4 12 71 76 91 103 188 212 217 231 244 268 329 333 352 354 363 378 396
15 56 58 74 88 140 143 181 209 246 329 398 403 431 449
38 40 85 98 129 131 135 155 184 191 192 228 237 253 299 327 335 361 410 428
20 27 42 55 115 143 150 152 156 158 191 211 248 270 317 342 425 446
39 57 74 83 87 96 101 104 137 154 170 172 176 199 264 299 340 418 441
14 46 95 164 182 280 283 289 301 345 364 402
24 26 79 108 110 216 220 224 226 264 273 279 314 317 369 438
13 19 62 76 174 177 199 222 283 284 301 323 338 353
44 57 93 110 113 115 156 172 205 207 227 229 240 257 306 344 382 394 400 404
32 69 92 105 129 141 154 238 258 261 265 287 294 307 327 343 383 401 418 449
21 109 140 144 213 232 235 277 342 393 410 411 437
26 27 48 75 90 92 242 269 288 299 342 344 373 384 400 405 433
3 30 38 43 44 65 76 94 96 147 164 165 200 223 230 274 358
22 23 50 100 131 137 171 184 214 258 350 390
9 100 101 113 132 175 214 224 253 262 273 371
16 40 49 60 88 94 103 115 128 161 165 168 183 193 366 381
14 29 37 54 68 106 133 136 185 193 218 234 308 355 374
20 44 94 104 142 145 180 192 203 246 260 271 273 275 298 310 376 396 428
14 20 27 103 117 149 192 246 277 280 292 323 326 378 409
47 48 87 93 108 112 174 236 239 252 270 333 393 416
17 23 50 98 122 135 206 231 238 248 282 323 328 356 363 380 423
31 49 76 194 219 233 282 286 331 352 386 406 412 432 445 449
15 56 89 96 113 141 189 205 217 218 232 239 244 253 289 350 450
1 9 33 51 69 79 99 171 187 219 250 261 284 296 302 391 395 430 442
3 9 32 41 45 53 74 103 107 125 170 175 272 293 301 329 335 358 384
9 44 51 68 88 110 114 139 157 238 331 342 356 389 407 424 431
9 40 77 92 130 302 369 374 389 398 418 435
10 26 66 83 89 184 230 266 279 288 328 367 397 419
5 17 25 45 63 64 151 162 165 166 211 294 425
2 9 15 32 150 172 176 239 250 268 279 319 323 342 348 354 363 374 413 443
1 20 54 59 167 194 200 212 248 257 270 328 340 367 368 378 391 397
14 59 86 99 118 131 180 209 226 247 254 300 303 352 359 396 401 408
53 55 72 103 145 149 171 192 211 215 226 266 267 286 306 311 353 370 383 443
78 102 135 161 164 178 224 259 261 271 277 315 446
3 6 109 118 133 143 174 197 202 219 251 291 293 315 354 405 431 433
3 15 18 31 76 125 154 162 194 233 270 281 368 432
55 97 172 182 203 231 258 261 279 350 369 409 438 440
15 79 89 103 112 128 152 193 210 242 243 292 306 312 332 356 369 398 412 441
8 52 118 135 171 182 223 231 251 254 293 328 390 435
38 59 200 219 274 290 300 341 344 401 414 423 444 445
23 24 91 182 198 203 261 349 365 373 386 387 416 443
14 55 60 85 107 122 134 191 231 243 275 284 332 387 397 418 420 447
26 34 38 63 74 95 109 118 149 244 268 297 313 321 368 427
31 37 70 186 191 210 262 267 272 294 310 406 432
40 87 104 109 122 134 141 155 163 204 248 287 295 303 307 311 384 413 440 448
66 67 114 124 257 272 276 362 405 420 431 436
9 14 32 53 113 154 177 203 207 214 272 356 379 431 432
52 103 132 176 207 225 263 296 301 307 321 322 326 353 391 419
8 15 58 101 103 104 107 112 171 172 232 287 298 352 425 431 434
32 36 187 190 211 228 232 233 285 294 412 434 443
3 43 56 129 176 183 192 211 245 252 275 288 305 378 396 414
7 16 39 51 57 114 116 180 246 251 295 326 350 352 360 394 405 410
17 44 47 58 185 188 294 296 334 341 356 371
3 13 31 77 106 145 173 225 277 289 323 364
9 30 68 81 83 113 161 187 234 307 339 363 384 394
31 42 86 96 111 127 140 153 171 187 215 225 230 266 315 335 380 425
93 99 155 163 182 220 233 245 261 281 304 317 327 378 436 450
12 32 33 63 82 90 133 134 147 181 235 262 281 312 358 374 403 443 444
66 82 119 152 178 199 233 301 321 339 403 436
24 91 126 135 178 182 220 227 302 357 367 421 447
5 15 38 43 66 145 166 167 187 201 243 256 341 381 385
3 8 21 44 89 110 142 162 169 184 190 193 216 258 319 340 363 367 402
23 34 90 92 100 146 159 168 181 200 254 302 325 347 362 405 412 426 431
32 71 90 109 130 131 161 187 190 203 215 250 288 307 342 402 447
31 82 166 188 247 267 284 335 395 400 405 413 424 433 450
21 117 160 172 246 281 314 366 369 384 399 414 422 424 439 444
16 133 138 146 152 174 198 239 331 348 382 420 433
28 29 72 107 110 129 133 197 201 210 251 278 334 373 388 402
7 11 17 71 157 161 167 169 172 219 222 312 326 411
38 71 80 95 105 133 140 167 169 172 228 232 258 288 301 303 311 389 395 419
4 33 64 68 73 94 110 116 176 196 265 409
5 49 66 75 106 231 239 275 320 401 403 404
1 28 65 142 211 225 227 288 297 322 418 436 445
1 128 152 174 205 226 309 327 364 385 391 402 444
4 5 99 103 111 149 168 226 230 256 276 298 310 341 374 399 408 410
14 34 73 81 113 135 143 145 180 260 284 311 353 401 404 416 421 440 445
15 22 33 49 100 105 160 176 185 186 362 387 400 412 416 426
23 35 54 188 199 272 308 313 322 330 339 364 369 387 389 431 437 442
2 62 84 90 92 96 124 140 175 193 211 218 272 281 282 300 343 357 414
2 41 127 134 184 200 212 220 242 257 292 295 300 349 365 366 424 439
36 38 49 62 97 101 115 143 147 183 205 216 239 247 255 274 283 308 398 415
38 41 85 119 129 162 223 286 294 305 320 331 371 409 411
26 34 101 114 200 203 256 275 330 362 415 428
20 42 125 158 162 199 242 283 320 361 401 444
5 61 88 107 110 117 149 183 187 220 253 258 281 289 310 389
25 50 53 64 125 153 178 181 199 237 282 319 341 364 367 374 376 420 426
9 12 25 85 126 152 176 204 287 309 314 369 375 402 404 448
30 68 74 104 114 149 234 244 262 264 270 305 306 312 376 383 420 439
37 51 59 78 120 169 182 220 243 311 316 364 444
53 59 71 120 146 185 188 193 216 244 258 362 417
49 55 58 63 66 77 121 131 145 154 205 210 262 291 325 350 358 410 411 438
37 52 53 90 157 163 171 262 324 369 374 384 388 407 411
25 131 139 142 177 184 205 208 315 366 423 445
68 99 106 121 133 255 263 264 282 306 335 355 361 398 434
21 90 121 140 142 193 240 251 325 346 370 388 442
94 116 135 147 176 243 275 285 312 322 349 368 369 389 393 395 402 424 450
10 57 63 70 108 110 123 168 190 191 276 277 330 387 423
24 45 110 121 123 131 134 176 185 238 249 278 321 333 359 388 403 408 446 447
6 16 88 95 102 106 114 170 178 241 323 343 363 429
9 45 83 87 99 108 118 136 166 192 205 287 296 310 321 384 406 417
50 56 133 139 155 161 203 207 231 246 267 273 285 341 351 365 406 424
13 33 38 63 64 91 124 194 206 254 261 303 307 353 431
16 20 72 92 94 97 146 153 189 263 309 315 317 363 364 369 374
2 44 61 112 117 165 198 213 215 229 240 269 318 367 375
20 35 42 52 72 95 120 127 138 140 166 195 288 312 353 372
2 37 81 82 120 153 196 217 232 307 316 338 341 421 426
20 34 48 55 61 132 211 242 265 270 344 346 375 405 417
38 53 59 66 99 130 133 158 233 237 260 294 310 316 346 360 412 427
23 56 79 83 131 178 197 210 211 221 227 239 251 257 262 337 402 433 434 436
3 34 94 128 137 141 181 207 215 264 278 279 286 362 375 398 443
7 24 70 75 82 161 179 187 217 264 367 440 441
11 49 55 106 113 121 124 143 202 211 318 359 429 449
50 60 100 117 121 139 161 162 320 386 405 409 422
66 82 135 168 193 204 222 231 238 309 333 339 397 431
26 31 73 87 134 175 261 290 352 368 373 376 387 393 419
41 96 120 125 159 175 180 187 268 309 319 369 372 385 408
12 20 88 99 111 115 163 173 199 269 325 327 338
42 48 129 166 168 179 183 219 232 239 245 259 260 275 292 323 334 342 431
4 10 40 65 90 92 112 153 197 210 250 285 296 329 348 374 406 414 439
14 52 67 107 159 168 174 216 291 314 353 374 378 397 412 428
13 19 38 76 81 124 184 187 193 219 223 422
9 12 109 258 308 315 337 365 379 382 384 386 391
3 29 62 88 89 93 94 118 156 176 181 272 276 277 295 310 326 357 359 361
2 80 167 179 182 222 229 264 299 324 373 433
57 124 128 142 167 208 286 315 324 340 343 360 365 379 391 411 443
15 21 40 65 71 74 116 140 197 202 269 299 392 393 399 430
5 23 35 40 46 73 174 193 215 217 228 248 333 365 374 412 428
104 106 119 170 208 213 258 262 270 322 340 345 407 419 421 422
37 41 58 65 76 77 93 115 134 168 221 261 276 293 317 354 356 412 446
61 66 68 184 186 206 259 271 278 283 303 318 320 326 372 396 399 440 445
43 48 51 79 136 168 179 249 267 327 364 393
91 92 181 215 221 228 234 254 264 270 276 277 286 296 336 384 388 405 419 430
36 67 70 87 161 169 187 219 226 264 299 408
5 30 56 87 92 133 152 187 191 267 290 291 304 312 313 330 351 359 416
11 51 67 77 80 87 97 123 198 232 257 285 286 314 411 414 426 438
18 22 102 103 116 176 182 235 237 329 395 423
17 44 54 56 83 89 97 115 145 176 228 259 322 351
32 37 77 99 105 111 139 155 168 269 362 375 381 409 414
3 58 116 181 201 244 251 252 287 331 343 347 369 380
4 5 48 140 165 171 208 302 305 306 355 392
1 27 40 57 116 125 133 190 261 281 292 354 366 367 375
46 51 58 94 140 175 186 215 255 345 355 364 369 377 378 386 403 424 427 430
5 50 55 84 87 91 92 216 224 240 289 346 353 432
46 68 74 136 145 156 172 177 179 247 275 347 402 430 444
20 27 65 91 92 102 126 147 199 242 249 283 308 310 376
4 36 66 69 98 113 126 138 213 227 229 237 280 320 423 426 437
12 40 99 128 138 191 201 243 257 280 310 344 386 406 409 410
4 45 84 125 133 188 200 210 215 269 300 365 441
18 20 74 103 137 158 162 194 205 332 344 353 376 380 382 407 409 425
21 48 65 111 190 195 213 259 295 302 359 403 418
8 33 78 132 134 142 193 200 229 267 334 391 395 418 422
13 16 80 150 159 161 208 277 316 355 377 387 402 444 450
5 31 57 133 138 165 169 208 319 326 333 336 342 353 380 386 410
7 26 45 66 80 114 115 132 168 219 246 250 269 275 281 315 317 330 376 440
5 161 170 171 181 188 201 207 219 230 268 310 354 370 375 390
2 14 102 140 143 154 156 157 166 180 231 236 249 287 328 425 447
6 14 26 93 135 171 207 223 232 241 281 345 373 384 385 386 414 430
70 101 105 108 118 120 123 149 256 257 301 310 362 387
2 88 92 114 124 167 171 196 202 207 234 275 305 357 427 430
9 43 58 74 150 193 287 288 330 334 349 392 434 444 450
2 7 46 67 86 90 104 163 179 190 207 218 289 309 359 371 410 421
11 40 113 120 121 127 156 173 243 268 283 298 307 327 370
5 15 16 80 93 99 115 138 145 149 172 226 283 338 345 350 356 392 422 443
5 29 50 150 154 165 211 268 269 291 313 392 396 399 408 409
26 30 54 129 199 244 319 344 366 385 386 418 440 445 448
23 123 127 153 196 204 299 328 352 377 398 415 435 448
110 140 147 181 227 235 255 262 290 305 361 363 379
2 58 76 111 112 163 195 210 214 218 227 235 302 357 368
39 65 79 91 129 171 177 232 251 258 272 312 318 346 349 363 364 412 449
4 108 112 114 198 214 224 242 249 310 363 407
25 38 43 63 76 78 83 87 141 143 157 183 193 390 393 394 419 430
27 68 112 140 174 183 284 327 339 340 395 448
40 42 91 147 166 228 279 293 299 366 384 400 418 422 429 447 450
55 125 126 141 240 247 319 322 357 401 421 438 449
23 44 58 89 100 110 130 144 165 170 379 395 441
8 12 16 22 74 75 140 166 267 364 399 405
32 70 81 92 109 220 252 294 309 385 428 449
4 28 61 149 201 211 227 262 298 348 392 409 441
51 71 121 159 174 234 299 349 360 403 405 444
8 52 86 112 157 169 197 233 252 257 316 335 345 400
29 41 52 139 147 155 190 202 221 225 268 291 303 325 420
40 106 186 193 207 208 222 225 268 281 332 339 357 369 381 382 412 450
15 21 32 37 60 73 87 131 187 233 289 299 308 312 343 380
1 66 86 131 133 154 169 180 223 227 274 279 305 348 444 448
35 37 57 70 115 125 192 238 286 315 320 339 361 382 387 392 412 420 422 430
19 107 143 151 180 186 225 228 260 276 289 327 364 396 406 409
24 64 123 132 143 156 188 196 224 344 345 346 402 433
14 60 67 72 76 80 88 119 199 209 277 286 345 373 394 413 422 445
1 77 93 96 116 120 134 184 212 251 278 286 311 368 380 394 428 434 445
27 78 105 110 118 121 127 137 142 160 161 256 355 392 408 444
1 9 37 97 99 128 150 211 217 254 256 260 267 286 345
21 56 97 194 200 214 249 251 273 280 291 313 369 393 438 446
2 51 103 166 167 172 273 289 322 326 330 376 395 396
13 19 80 143 152 194 277 283 309 322 342 370 378 386 417
21 27 36 51 55 63 102 165 240 276 323 341 346 430 445
40 111 112 123 143 195 208 218 274 285 289 292 342 346 353 360 404 425
7 27 43 66 110 198 281 301 305 332 424 439
16 23 34 71 80 93 130 142 161 191 214 246 314 317 346 399 433
1 27 60 63 84 129 162 197 217 255 279 284 296 298 305 322 367 411 426
12 53 57 81 82 84 89 112 166 253 262 271 292 329 356
43 70 106 130 173 199 277 316 337 338 354 366 381 382 391 447
27 40 41 54 63 78 135 167 173 175 247 280 287 298 312 350 373 430
40 145 200 203 204 232 288 326 328 341 376 393 421 423 437 443
8 53 111 116 127 176 223 241 280 288 335 354 357 359 368 417 418 430
38 64 73 75 95 154 172 188 207 239 254 286 365 377 402 423 436
12 45 112 114 131 141 202 217 225 227 231 250 269 303 312 423 425 434 445
31 75 103 159 179 182 191 221 263 279 308 344 348 373 387 422 427 443 446
32 34 89 91 179 239 243 248 324 372 385 438 441
9 24 56 125 163 179 191 195 213 221 237 265 279 299 308 414 439 441
39 74 102 103 132 158 171 200 214 242 297 348 350 417 426
20 23 58 77 79 98 99 230 358 371 395 414
61 71 76 77 92 126 161 174 210 246 253 431 441
5 90 103 169 186 207 235 240 241 251 296 307 316 329 356 359 390 395 424 450
56 75 94 149 152 191 193 203 228 263 276 293 339 391 441 444 445 446
26 111 147 152 153 157 193 215 221 241 273 283 323 343 360 375 390 392 404 411
26 44 61 64 89 232 234 267 289 327 349 350 385 387 401 410 420 441 448
25 53 57 74 118 131 142 178 196 206 212 233 341 360
20 53 93 101 126 174 175 205 227 232 244 263 275 311 317 335 343 360 398 413
4 67 69 75 127 166 168 180 205 225 249 336 350 354 378 397 417
17 22 69 211 224 227 240 259 261 275 284 289 299 313 334 358 361 380 448
17 20 53 107 174 189 201 243 265 326 365 387 394 404
26 28 50 113 157 221 292 323 345 357 384 392 405 415
33 66 109 112 152 194 208 216 230 231 242 293 294 311 339 358 367 399 400 410
33 147 151 223 240 264 270 279 295 356 427 432 447
1 61 100 159 182 202 232 244 249 287 305 312 313 321 337 363 368 375 380 426
12 28 42 55 165 259 273 279 365 369 412 441
48 121 147 154 185 212 215 225 240 305 310 329 348 363 378 414 430
53 57 90 200 246 260 287 322 345 373 414 417 423 437 446
1 24 58 65 85 99 106 115 120 175 176 204 251 276 308 313 326 384 387 414
3 32 37 82 102 138 148 170 185 198 255 355 385 397 429 430 436
69 70 73 87 97 101 121 135 229 249 281 283 296 341
22 43 73 86 137 161 168 169 174 232 259 260 282 354 367 397
77 116 179 181 196 220 221 254 287 300 303 340 341 433
16 26 33 178 202 209 213 219 232 233 253 260 285 298 315 331 345 372 405
36 41 75 96 100 127 172 199 210 262 270 272 285 316 325 327 395 412 413
29 34 58 61 133 149 195 204 287 301 346 359 413 446
61 72 149 153 159 190 275 277 317 318 326 343 347 354 382 429 432
66 101 110 161 170 175 181 219 233 331 332 411 440
42 70 88 173 175 176 197 256 316 323 338 357 372 382 393 414
8 15 26 42 49 58 65 77 90 188 240 357 358 386 399 432
31 68 106 140 146 190 213 220 253 278 318 336 343 357 413 433
8 43 60 68 123 139 154 168 205 225 298 316 319 344 386 423 447 450
8 11 18 24 75 79 97 148 159 187 190 213 229 315 337 340 345 352 370 421
25 32 64 71 92 130 157 201 287 320 341 343 422 448
4 25 48 65 110 158 181 199 209 222 243 257 312 325 326 333 336 369 433 445
4 110 132 180 187 188 190 205 218 245 266 294 300 317 322 336 355 397 421
17 108 119 121 126 150 211 240 282 295 297 307 312 316 323 377 384 398 403
9 27 46 51 90 95 107 180 259 293 296 364 375 390
41 42 44 76 78 79 104 120 126 203 206 214 224 239 247 280 300 316 387 437
36 101 109 113 196 238 245 253 263 285 373 402 426
65 148 153 165 192 228 278 292 308 323 328 367 421 424 439
15 26 52 78 95 127 131 204 218 251 280 289 291 321 346 386 395 444
18 67 81 93 128 161 196 211 256 268 297 301 329 361 393 418 436
5 61 108 121 122 134 145 148 153 200 204 269 309 312 329 344 362 383 406 432
152 164 190 216 251 257 293 301 321 333 395 428 432 437 440 442 450
1 26 35 116 118 162 164 228 240 339 363 379 394 395 403 432 443 446 447
3 21 28 44 97 159 160 195 237 255 296 312 318 371 372 414
28 65 104 112 117 128 174 196 216 260 422 428
69 76 94 164 202 249 258 377 392 410 414 424
24 54 81 91 104 233 241 246 273 314 337 404 415 429 437 440
136 138 151 161 168 177 211 264 267 268 295 327 385 409 413 430
36 84 108 133 193 217 243 263 333 336 366 441 443
49 50 66 83 91 110 146 184 195 197 242 314 330 414 421 426 428
20 41 43 114 135 160 251 258 263 282 296 300 302 327 329 331 357 386 415
7 12 18 71 107 168 173 176 180 195 233 234 258 326 338 346 348 360 386
36 88 95 114 185 196 212 242 248 287 296 341 356 401 434
14 78 107 139 143 148 151 156 171 210 221 246 324 364 412
48 50 69 96 97 120 214 215 230 284 307 367 397 406 413 438 440 448
7 57 149 170 179 225 269 337 339 352 360 392 405
20 32 89 98 120 151 153 165 170 266 275 367 416
46 53 90 113 133 150 162 171 202 230 261 270 283 316 318 346 374
30 33 70 86 130 136 210 224 234 253 262 303 305 310 368 380 388 394 405 442
60 64 105 126 143 229 274 275 289 395 422 428 443
41 129 133 160 199 201 216 226 230 299 314 315 353 365 370 397 430
1 66 75 98 129 147 174 227 230 250 265 366 448
15 57 58 109 121 178 200 237 259 279 347 354 364 380 428 435
1 11 29 31 182 207 214 279 333 385 389 401 410
58 65 80 105 160 279 290 312 314 329 353 361 365 383 390 406 423
36 57 132 167 172 186 211 239 252 256 260 294 335 364 393 407 421 442
41 42 51 65 122 139 149 182 198 204 303 326 433
2 7 8 48 86 88 96 109 159 177 218 280 361 370 411 416 447
51 98 129 133 150 156 171 188 232 237 240 253 262 296 339 357 430 439 449
12 18 61 94 130 170 273 292 340 353 367 432
19 52 78 85 87 125 191 197 255 309 364 386 389 415
39 67 69 183 246 254 304 348 368 371 388 435 442 448
52 61 141 168 190 260 268 276 295 307 326 329 335 357 359 378 380 407 428 447
3 5 24 40 113 126 143 158 171 195 221 223 276 283 296 297 375 387 388
4 15 41 169 219 220 289 358 374 389 416 422
24 42 55 59 113 116 186 187 263 285 288 379 388 392 411 418
1 14 31 44 57 100 109 126 164 207 215 238 239 289 325 335 378 391
24 28 101 107 116 117 135 194 229 238 249 285 334 347 369 401 404 415
22 32 57 60 67 68 81 97 174 244 245 261 272 353 356 378 398 403 410
5 36 67 79 98 141 180 191 304 312 348 357 371 374 393 397 449
18 35 49 56 59 93 121 190 207 343 411 413
80 89 168 206 241 275 292 294 302 326 340 349 362 421 424
19 76 84 110 136 144 186 192 214 251 300 308 351 380 390 403 411
13 36 47 74 103 243 267 269 278 294 300 321 340 347 360 361 377 380 389 434
7 35 42 51 113 154 172 195 233 237 238 239 297 331 339 344 402 417 422
9 11 23 43 91 98 107 113 141 155 163 192 232 303 338 345 378 441
12 16 38 69 81 141 179 203 271 297 374 446
27 43 63 79 100 108 114 135 138 149 209 219 249 266 277 283 309 320 331 367
8 41 67 138 154 180 246 251 294 350 393 412 415 433
29 61 78 107 146 156 204 210 217 227 258 259 262 284 302 308 363 378 385 408
53 59 91 120 195 208 211 217 236 289 398 403 437
3 64 105 138 140 180 197 233 240 263 323 348 349 363 432
22 36 79 86 131 151 167 180 287 303 323 327 372 379
9 13 68 104 119 142 217 261 262 343 361 387 410
1 18 21 59 139 157 170 172 181 209 218 224 243 260 276 331 336 363 372 422
101 102 104 111 125 142 197 201 202 230 338 366
15 30 190 201 217 227 230 245 246 265 281 312 316 341 345 362 363 391 428 447
13 55 64 71 82 139 142 162 182 224 261 275 331 332 355 370 397 441
6 11 15 27 42 49 75 87 112 117 124 129 169 248 284 362 378 402 411 436
29 43 80 93 129 173 273 274 293 328 366 426
10 20 26 74 109 110 158 175 226 328 349 386
40 80 89 91 94 107 114 148 226 276 288 297 330 421
20 49 97 199 202 213 222 232 243 276 286 311 314 372
5 8 51 77 88 121 122 145 154 162 224 258 263 287 291 328 369 400 411 423
10 146 179 180 191 211 219 235 284 300 315 318 327 374 383 395 431 441
50 99 107 132 162 207 221 237 285 313 435 441
26 28 29 60 85 136 250 289 291 397 410 421
3 70 110 129 145 165 196 247 291 341 349 370 382 438
31 69 70 78 87 104 132 147 150 163 241 284 317 319 346 401 420 432 442
13 27 40 41 91 114 127 167 191 222 238 310 336 349 360 402 408
6 10 57 92 109 137 161 186 196 238 270 308 331 343 353 410
1 4 75 98 107 141 144 152 212 236 293 307 310 312 315 323 333 334 365 373
20 23 32 42 60 105 224 275 280 317 353 355 405 442
3 46 75 76 88 157 202 220 231 251 265 278 306 336 340 345 351 381 388 429
2 5 43 100 113 146 169 180 181 186 204 206 213 304 337 368 442 443
8 28 44 54 76 91 97 116 178 210 211 250 257 341 365 389 442
17 99 123 194 200 241 249 333 393 397 432 438 448
1 7 86 95 102 122 128 142 151 200 214 223 254 287 326 365 429 434 439 447
11 27 79 93 120 155 184 191 224 243 258 296 299 347 362 384 428 429
16 53 145 158 179 183 245 257 273 335 358 385 406
10 17 26 139 142 170 185 204 212 256 271 318 379 386 414 415 423 424
68 106 119 144 145 232 252 277 286 358 368 449
21 51 81 107 110 128 167 190 239 247 281 293 361 368 377 425 431 448
23 56 79 81 99 102 106 113 220 238 246 283 385 389 412 432 446 450
2 25 61 68 107 110 169 174 203 240 284 316 325 330 437 449
4 50 86 125 226 250 300 318 362 379 394 408 416 443
19 43 44 59 156 193 240 248 257 283 325 346 351 378 404 412
26 32 57 169 205 217 221 247 302 308 333 352 365 377 413
35 39 133 137 219 225 247 263 308 348 368 377 381 397 428
1 3 63 78 117 123 133 170 201 234 243 327 355 357 378 386 390 395 419
39 53 60 156 159 180 196 264 364 365 370 417 434
16 17 98 105 137 152 218 246 250 268 330 372 387 401 440
10 116 118 119 140 156 188 199 214 225 257 336 383 425 449
9 139 147 151 163 177 178 197 211 226 273 289 305 342 355 381 407 431 433
50 90 103 118 145 183 203 232 241 245 284 292 306 313 336 365 399 418 441 447
64 94 103 117 118 263 277 311 312 343 356 401 417
51 85 110 134 143 145 169 175 220 233 236 311 326 327 375 377 383 445
2 31 35 50 61 69 80 140 171 203 251 261 299 303 319 412 418 443
28 58 67 203 204 215 222 252 281 326 327 330 441
18 24 27 35 75 92 167 171 197 338 370 396 412 424 439
12 13 14 46 58 66 112 140 152 168 194 210 262 331 364
13 39 45 91 121 141 208 217 226 249 292 347
53 79 87 133 193 223 251 306 330 335 343 369 375 450
11 44 100 131 132 196 205 206 209 248 262 338 353 389 434
90 101 121 122 131 159 183 200 221 232 239 273 317 323 366
62 67 92 209 229 230 267 349 366 376 390 449
4 29 43 88 116 192 217 230 319 346 399 401 404 431
133 153 187 195 203 259 270 312 355 380 412 422 423 425 445
38 64 67 121 147 195 213 288 332 335 344 377 417 435
21 30 42 59 76 82 85 107 129 161 220 225 257 269 319 356 357 372
94 101 150 160 171 246 273 277 313 316 330 347 348 389 411 418 443
12 69 73 74 78 91 94 131 145 213 222 280 297 406 449
11 12 42 52 63 87 91 101 209 215 230 233 244 290 349 386 420 442 448 450
76 105 111 150 155 163 248 294 348 375 397 410 436
30 40 43 62 88 90 92 124 170 179 229 269 286 335 345 372 380 396 441
1 56 88 105 145 183 191 220 273 281 301 347 373 386 420 427 435 439
7 65 107 188 217 229 252 264 324 330 341 354
86 89 94 126 132 133 193 241 264 289 328 337 346 370 416 439 443
10 24 31 123 144 226 278 293 302 333 388 425 436
13 15 67 117 140 166 168 185 255 256 278 311 336 339 405
32 48 54 63 103 116 121 127 134 137 178 210 239 282 300 324 405 423 433
18 35 42 43 94 123 148 157 186 191 239 262 266 337 374 381 408 425
27 131 148 149 223 270 305 335 336 349 368 422
9 38 44 85 171 175 186 223 227 239 241 284 298 303 310 372 382 411 417 440
52 113 120 201 220 233 235 248 262 286 319 322 343 366 371 391 404 422
55 67 74 143 212 242 255 269 274 299 301 317 429
2 18 32 38 56 103 165 180 214 226 263 274 277 293 302 318 362 423
5 55 70 75 84 95 127 150 154 179 203 255 347 353 363 394 426 445
27 69 72 88 130 148 184 187 217 246 252 269 349 360 375
20 91 115 162 172 182 193 211 219 231 247 253 264 303 323 324 325 335 418
82 108 133 160 162 192 212 214 282 289 304 305 326 353 368 386 389 398 413
66 78 118 131 171 172 200 248 297 324 329 365 433
12 14 21 22 23 47 54 114 136 167 195 236 241 280 289 319 346 362 443
41 48 52 87 88 97 101 130 135 181 193 201 236 283 297 305 339 345 423
47 147 172 184 198 213 274 301 357 445 447 449
3 16 31 65 74 81 107 132 173 231 267 279 301 306 319 394 408 427 443
62 99 144 158 172 247 292 307 337 343 346 360 390 397 404
9 40 114 121 139 143 146 158 188 204 254 263 272 280 347 379 401
31 59 106 108 111 198 225 333 365 404 422 442
8 19 153 162 186 222 264 294 312 319 348 394 396 435 444
24 33 39 56 117 121 125 128 141 153 156 170 188 197 213 240 344 400 411 421
11 15 29 59 76 115 123 124 180 265 280 297 326 342 348 356 376 445
2 5 26 34 124 166 180 204 230 239 268 288 301 309 323 360 395 401
3 49 69 71 92 105 109 231 247 256 300 328 367 383 419 429 433 445
21 48 49 83 118 283 286 301 317 343 351 354 371 399 417 429 442
6 28 39 41 92 129 152 162 181 214 223 227 263 310 352 355 381 411
29 39 89 140 152 161 190 196 259 290 348 371 396 397 401 447
13 28 29 30 31 40 49 60 87 94 140 162 163 169 184 345 354 397 416 429
1 2 29 44 60 71 88 124 184 187 207 213 269 309 353 388 398 411 430 447
48 83 91 162 165 183 217 228 235 245 265 270 287 290 321 329 434
22 41 59 80 114 204 281 285 292 307 310 313
2 15 73 81 90 94 103 138 143 144 149 176 183 222 331 338 356 396 397 437
36 66 80 91 95 109 114 137 138 183 209 221 254 280 307 334 419
1 75 79 83 175 176 196 204 235 245 267 270 288 314 316 363 364 373 441
20 36 60 72 91 105 147 199 247 254 278 318 334 340 346 354 363 399 427
38 102 103 160 165 209 222 231 266 273 287 290 312 331 346 378 396
59 60 62 91 132 160 215 335 337 388 397 417 437 441 443
4 7 14 57 61 97 167 179 253 273 284 331 351 377 443
30 48 50 55 159 196 211 225 280 295 296 320 359 421
87 145 176 189 193 215 224 226 247 253 259 301 314 334 371 373 384 393 417
12 24 30 36 51 139 191 248 270 301 322 352 378 382 417 449
49 86 89 100 111 127 157 160 232 240 295 307 312 325 331 356 361 396 411 438
6 16 24 51 73 82 133 150 193 204 241 243 272 280 331 404 406
103 114 134 161 180 183 222 227 280 322 338 364 374 442
8 10 21 47 48 50 59 108 144 187 189 205 221 235 244 256 313 335 445
11 30 38 71 91 100 174 193 239 319 330 357 386 390 405
33 34 73 94 222 228 267 278 304 325 360 387 404 406 434
41 87 113 145 185 265 275 276 345 389 402 447
25 42 77 81 117 149 158 217 261 354 373 384 418 430
2 6 9 37 58 117 192 222 232 320 359 441
32 43 82 109 117 119 157 167 168 178 216 291 351 397 421 425 430
42 135 159 184 286 295 303 309 339 344 382 393 418 425
14 17 20 44 67 77 93 179 235 281 282 290 360 366 392 434
6 32 37 47 103 142 152 158 180 221 226 246 281 291 337 357 389 390
4 18 29 55 63 156 189 204 225 294 297 331 371 372 429
34 58 61 169 220 228 238 261 279 287 292 338 360 411 419 442
13 24 29 105 115 121 153 217 306 328 351 392 410 423
28 29 53 64 97 130 140 206 212 237 240 263 352 377 378 409 421 422 432
50 62 68 94 116 132 134 191 220 255 257 274 284 288 308 373 385 386 428 437
11 12 15 81 103 147 162 175 183 233 236 252 260 283 290 340 400 408 428
2 26 72 257 267 273 289 294 345 397 400 404 445
2 11 43 51 68 178 182 210 269 287 300 303 352 403
142 239 258 263 302 311 323 340 341 355 367 368 375 411 416
31 61 121 124 169 208 214 234 242 244 283 340 381 384 450
9 29 32 36 94 121 123 155 195 244 246 357 369
13 67 75 122 230 282 292 323 372 412 430 437
85 92 130 154 159 175 184 191 222 239 251 302 326 337 399 414 415 416
18 37 80 115 116 149 166 209 264 286 315 437 449
1 21 40 55 59 79 81 113 176 196 203 217 221 253 305 342 358 404 426
9 26 47 60 179 224 226 270 322 351 417 432
42 82 111 115 125 141 186 254 288 305 421 437 448
36 50 115 118 140 147 201 225 226 248 285 310 316 351 376 413
4 28 62 79 91 149 173 236 237 243 263 267 299 424 429 439
56 69 73 118 139 140 141 155 158 171 225 252 282 289 352 355 394 427
1 66 87 119 162 175 209 211 246 268 296 308 328 360 362 378 413 450
19 24 30 42 59 89 150 173 183 234 237 258 264 275 307 316 396
46 66 89 129 153 184 185 221 235 246 270 298 413 420 448
18 29 43 48 88 116 117 127 151 160 162 168 182 184 218 246 264 294 386 419
5 39 41 66 105 167 238 260 326 355 357 417
4 48 55 62 82 86 97 107 154 186 245 253 265 274 285 324 345 352 365
57 99 115 124 126 145 169 222 233 246 256 274 297 321 324 400
26 32 78 141 154 171 199 221 233 235 269 295 337 342 426 436 438 442 444
3 56 95 158 170 175 182 195 225 249 309 329 373 392 400
14 52 63 67 92 107 108 174 187 190 216 308 322 362 366
57 76 137 140 148 220 250 334 341 381 385 389 393 412
7 49 142 166 193 204 249 294 329 360 378 401 412 420 425
20 132 152 165 176 192 198 218 276 288 298 313 354 409 410 419 432 449
19 31 46 60 61 77 79 81 113 194 335 347 362 405 412 447
26 105 118 126 218 257 304 318 333 347 368 372 390 399 422 439
37 111 117 181 233 243 261 282 305 318 359 435 445
72 78 106 174 190 211 230 271 306 316 330 368 377 403 420 422 433
30 55 141 234 270 305 306 319 326 332 339 379 382
22 97 199 227 233 257 282 331 343 352 418 422
144 199 200 212 238 265 278 280 333 365 370 373
27 49 177 203 283 284 340 353 375 378 384 410 448
21 31 39 50 55 85 114 141 157 242 255 268 295 306 403 405 441
19 51 88 102 103 118 153 168 172 194 197 210 235 254 257 259 360 376 395 400
24 97 110 123 140 145 159 203 206 213 245 255 289 310 346 371 372 375 431
14 15 24 33 35 101 103 139 217 218 236 278 295 299 315 318 364 369 376 423
9 64 98 112 125 131 222 286 311 375 401 432 440
21 27 61 70 107 126 156 175 187 194 267 281 319 351 373 379 411 423 425 439
88 90 103 159 200 223 225 232 236 268 288 314 334 335 352 360 366 386 404
22 31 32 34 68 169 176 184 187 200 223 227 294 316 328 332 361 391 408 448
21 29 32 35 43 47 63 115 122 187 206 209 218 360 365 449
9 91 95 116 150 159 164 168 169 174 189 191 200 213 285 378 412
74 97 114 157 206 215 220 235 239 262 299 310 316 337 345 388 393 397 419 439
30 49 66 112 136 171 209 250 276 285 286 349 392 404
50 116 175 192 198 231 235 260 267 273 304 330 337 388 408 409 422 440 450
119 191 202 214 219 233 269 277 331 349 370 411
14 32 35 38 47 56 64 110 259 280 320 332 354 436
15 19 38 57 63 91 109 132 135 155 198 271 367 436 439 448
61 117 133 134 234 245 288 360 369 390 414 420 425
52 67 84 111 120 144 157 161 198 219 228 230 239 279 284 314 399 435
25 34 95 125 178 217 220 272 300 321 341 438 439
25 34 73 74 116 120 126 151 198 218 231 258 284 305 368 387 396 402 404 436
12 80 101 168 202 223 243 252 305 309 335 383 406 429 439
20 71 103 121 186 205 245 301 308 309 409 432 449
11 12 14 60 164 357 359 381 391 403 414 442
8 47 59 69 71 72 88 161 170 191 234 237 263 275 317 358
32 34 37 41 73 77 101 124 137 191 195 213 271 318 343 360 389 434 447
11 124 140 165 172 197 227 260 272 419 434 440
6 24 74 115 123 212 213 225 259 283 320 347 371 376 394
1 22 115 140 174 189 236 261 282 284 320 321 324 425 432
71 136 154 164 210 212 261 262 276 289 314 360 383 390 396 435
1 34 45 87 139 154 219 244 248 250 302 314 400
69 89 132 135 140 151 192 197 239 240 258 272 284 308 388 396 446 450
1 59 64 97 119 133 136 149 166 216 256 263 298 314 323 345 403 443
11 86 110 163 186 187 189 232 242 255 314 316 320 342 343 366
6 18 45 68 94 186 231 242 269 272 292 341 351 370 372 384 385 407 441
1 11 62 69 86 90 144 164 177 223 257 305 311 313 322 327 354 381 396
45 53 93 108 124 130 151 167 203 258 261 299 322 328 357
10 15 21 35 101 128 141 153 207 216 218 223 317 372 406 424 439 440
6 41 73 81 136 162 167 171 182 193 241 242 278 285 349 397 421 425 434
5 22 41 46 61 72 97 152 161 171 199 231 261 396 401 422 440
36 68 106 109 121 129 149 161 216 240 328 380 393 425
11 38 72 112 121 145 177 252 294 309 339 357 410 429 434
24 37 59 146 185 196 202 255 258 363 393 398 420
39 114 138 160 175 202 203 217 234 348 361 396 402 420 440
35 41 151 158 197 205 256 283 299 332 362 365 446
16 20 32 70 86 98 150 205 259 287 303 335 345 365 369 403 406 414 448
9 39 73 86 122 132 153 155 162 174 176 214 215 262 328 345 351 381 395 433
15 48 84 93 98 158 172 195 221 244 273 297 311 330 355 380 413 414 416 432
19 45 128 166 216 228 237 240 286 291 316 397
48 86 148 186 188 229 233 243 260 268 295 305 309 319 402 416
13 16 28 45 98 141 152 211 249 276 288 294 297 306 312 350 361 398 445
15 30 82 105 107 109 159 256 290 315 362 378 399 449
64 85 164 186 226 240 262 266 279 311 337 346 354 363 416 433
10 14 65 100 127 189 231 299 352 369 376 419 428 444
58 61 91 93 152 247 290 298 319 353 365 366 380
69 119 126 183 194 231 268 324 325 368 404 422 424 443
4 40 91 131 133 157 159 171 177 257 266 279 288 299 316 404 418 426
10 28 78 192 197 237 278 303 304 330 377 442
23 29 32 59 63 88 144 207 278 284 287 308 341 401 414 419 424
10 11 36 121 158 204 215 221 264 274 305 401
8 95 142 187 195 220 286 320 372 375 379 399
10 23 28 40 89 170 185 189 197 217 221 237 257 279 319 337 338 340 411 427
4 52 85 100 109 122 138 148 191 210 248 309 312 316 340 370 398 419 437
5 55 65 179 206 216 220 224 236 290 311 360 380 388 407 408 411 436
34 79 104 198 201 282 288 313 354 397 427 449
49 80 121 123 140 144 149 201 212 227 229 234 236 300 311 336
22 32 38 88 93 146 151 185 193 198 212 317 337 338 342 343 391 427
21 26 47 49 58 83 86 87 107 115 176 194 196 199 304 314 316 345 372
15 55 57 79 136 149 198 218 251 275 291 314 331 380 384 400 449
12 23 36 38 41 96 191 226 270 342 369 384 402
29 44 49 99 152 182 187 211 255 272 273 359 444
22 51 55 63 100 115 120 167 196 211 303 333 368 403 428
17 20 35 38 57 141 149 153 177 188 227 271 276 279 286 434 443
93 95 97 157 196 201 232 253 362 363 368 387 403 415 425 426
4 8 16 42 56 76 82 173 177 212 347 348 353 359 366
26 79 86 113 127 157 164 167 199 206 244 268 274 281 334 340 423 445
23 29 88 96 157 219 259 285 309 313 373 386 393
2 4 17 70 81 115 133 150 154 160 174 220 243 244 257 287 304 360
73 98 117 121 181 188 191 217 230 243 351 419 425
6 17 21 76 90 112 135 141 168 181 241 250 263 313 317 397 425 426 435
1 37 112 191 226 229 261 297 346 363 367 371 392 420 439 440
70 106 156 177 209 235 271 312 313 344 365 366 377 388
43 47 84 168 193 224 228 239 249 282 304 330 425
56 71 98 104 118 158 178 180 184 186 190 219 321 329 354 361 375 417 422 432
23 68 72 75 80 88 109 193 197 215 237 273 286 340 364 370 387 429
24 27 31 60 97 108 114 123 149 157 194 217 229 248 271 395 397 420 432
42 46 100 109 113 120 123 131 159 182 199 225 284 329 364 390 408
13 27 34 41 46 90 150 190 210 220 251 256 281 283 339 369 378 390 430 442
76 79 85 89 93 130 132 160 246 276 322 360 387 404
4 58 98 106 115 144 159 173 202 204 206 253 259 363 405 407 422 450
13 21 49 76 81 99 128 175 222 239 311 381 390 399
30 83 91 108 116 182 194 267 330 332 338 402 413 418 439
47 63 85 87 89 91 132 154 161 322 323 333 410 437
61 126 135 154 167 172 203 206 221 310 326 333
15 26 55 88 92 132 167 294 329 377 380 383 406
2 66 75 146 253 284 292 313 375 378 404 414
12 97 111 137 180 182 186 219 303 317 322 335 343 350 377 378 390 431 437
1 46 57 75 109 135 145 235 262 281 291 336 381 397 407 415 440
64 72 109 130 134 219 231 262 281 282 290 300 378 401 444
3 25 53 102 111 145 150 171 175 195 282 286 320 321 328 334 356 367 445 450
6 32 35 52 109 119 125 138 152 182 196 327 393 449
13 40 67 138 196 210 215 226 269 279 288 293 304 340 377 386 413
51 54 81 114 148 157 162 186 210 236 240 255 265 313 337 343 409 429 435 448
41 61 98 101 156 173 205 219 228 233 265 298 344 350 385 388
5 113 151 178 233 270 281 373 384 400 404 409
29 126 140 154 178 189 235 238 336 360 370 382
33 39 68 112 120 130 147 149 166 216 240 293 311 385 395 417
66 83 133 150 161 170 195 199 217 220 327 365 376 418 436
10 28 90 121 138 171 174 214 235 360 393 396 398 413
36 37 112 145 155 196 200 222 258 261 298 347 425
12 85 133 168 191 214 221 290 326 350 354 383 437 449
46 60 71 127 169 221 322 366 378 407 414 420 430 435 448 449
3 31 38 55 110 117 161 177 220 221 250 397 426 450
11 29 47 69 126 177 197 221 224 256 263 328 357 359 382 398
17 82 100 168 214 232 259 302 309 311 359 364
35 96 116 146 202 203 274 333 342 407 425 429 442
17 53 61 110 122 123 152 174 197 210 294 303 304 386 391 402 404
7 36 38 55 58 70 81 101 109 119 177 183 197 229 265 281 298 364 388 414
43 65 83 109 141 223 268 286 392 422 425 428 442
46 67 83 88 138 155 169 201 247 258 263 304 348 353 375 385 401 418 423
20 42 67 76 81 95 156 272 281 336 397 407
13 15 68 70 72 89 93 105 126 218 245 310 317 388 423 431
114 122 154 195 197 212 215 253 286 335 355 375 386 415 426 437
93 123 133 202 203 210 252 271 281 310 332 385 419
4 47 152 155 160 162 173 219 232 255 257 350 355 379 400
27 33 38 79 88 111 112 155 173 183 241 296 301 353 390 420 441
68 100 121 122 149 157 159 165 185 209 220 234 254 266 292 379 386 412 447
6 97 106 113 121 149 179 206 227 287 290 298 299 316 338 404 416
18 47 48 49 85 94 100 118 138 155 176 185 222 285 312 324 326 444
17 35 81 86 101 108 144 201 202 210 218 222 230 267 283 301 347 352 393 411
11 19 25 57 73 90 115 121 126 131 197 203 269 289 304 332 343 393 409
51 74 79 99 108 113 147 164 165 194 203 245 295 339 363 376 401 410
42 62 129 162 188 205 210 309 315 323 402 442
34 42 120 152 180 193 203 212 243 246 274 304 305 325 329 332
6 20 29 67 101 107 131 166 177 198 201 202 205 214 247 252 283 308 310 318
6 16 27 29 81 94 96 138 156 181 241 243 246 249 282 287 384 421 429 430
18 38 68 91 99 105 121 123 134 141 244 287 314 365 382 398 416 421 426 429
55 74 82 171 172 196 210 214 215 246 322 327 351 366 394 440
10 13 72 100 115 134 158 203 244 255 268 271 274 278 341 363 365 366 448
5 18 66 136 248 257 274 378 388 402 425 432 439
52 66 88 110 117 170 186 223 323 334 336 359 371 391 414 421 429 434
88 105 127 146 150 187 199 209 244 254 258 282 288 316 342 368 374 375 424
4 6 44 49 79 107 123 133 159 174 230 238 247 285 298 319 324 355 381
20 53 142 149 184 191 240 253 269 291 309 317 354 361 385 428 444
15 95 114 125 136 137 158 211 312 319 337 373 380 391 406
22 24 92 115 118 176 251 286 305 315 326 402
15 23 33 40 97 183 197 237 324 366 393 434
58 81 94 108 150 152 162 191 211 214 258 267 321 333 341 352 383 430
26 32 59 64 88 134 212 217 250 273 316 358 413
22 24 69 133 165 327 340 345 374 380 383 387 410 413 440
7 21 41 70 82 130 142 161 176 179 180 202 208 297 323 349 442
19 39 95 179 211 227 251 291 295 315 318 355 449
7 70 96 97 107 215 222 245 249 344 351 406 432 440 442 444 448
39 44 86 94 95 119 144 234 239 287 289 290 335 347 428 433
15 18 35 40 47 53 64 88 121 172 202 255 278 320 369
4 12 14 21 71 103 128 130 151 157 234 242 262 280 317 329 353 445
102 119 124 142 162 184 242 259 292 372 408 430 444
37 72 73 82 94 112 122 172 192 268 295 301 333 354 371 447
47 54 132 137 138 168 228 256 270 304 419 425 432
13 20 67 104 125 143 166 239 275 285 316 320 338 365 372 373 378 392 433 448
27 31 49 51 70 74 88 101 110 117 124 143 174 188 193 284 301 415 433
64 95 101 117 145 168 171 185 195 217 247 283 331 360 373 382 385 402
57 68 85 87 113 145 158 168 175 188 197 199 201 277 312 329 344 363 394 446
15 42 47 68 70 88 97 112 207 260 289 334 337 398 416
28 35 55 75 111 137 145 159 176 202 215 242 272 274 276 361 374 375 407
87 135 136 155 166 191 194 205 210 242 244 248 249 287 297 321 330 356 376 436
2 14 41 88 101 131 137 183 221 248 260 333 338 369 410 424 426 430
2 26 109 121 127 162 163 168 184 221 252 256 267 312 444
11 38 122 230 237 256 285 293 359 402 421 422 447
31 93 106 152 169 182 219 224 282 297 318 354 393 407 411 422 426
5 27 35 44 71 97 116 138 158 218 261 323 341 402 420 431 432 440
25 74 83 94 150 155 163 189 221 267 297 365 424
33 38 84 86 97 140 150 182 213 231 243 264 274 298 299 317 335 339 407
3 10 40 82 86 92 124 147 209 226 268 271 285 394 415 418
9 34 48 65 111 160 167 185 203 225 279 289 333
8 26 53 61 82 149 152 167 173 217 245 260 277 360 391 394 395 401 420 447
24 57 70 78 123 161 206 210 215 223 268 303 312 317 330 337 368 379 406
58 96 103 130 136 238 276 279 283 381 414 416
10 70 95 111 123 128 132 144 164 239 259 275 296 361 376 410 419 438 445
6 108 128 140 179 194 226 235 239 254 281 350 355 361
11 21 26 51 79 119 150 214 253 264 338 399
2 155 163 164 195 233 290 291 309 319 361 394 409 413 441 443
95 104 112 127 129 163 172 177 240 258 259 261 276 315 323 341 366 370 398
17 26 69 96 109 111 133 139 182 190 198 212 225 292 301 313 323 337 427
7 56 145 153 185 195 202 203 211 252 289 292 323 392
13 14 69 86 87 157 177 179 205 208 221 291 331
80 82 100 111 121 167 240 274 297 346 357 380 417 434
29 32 81 90 113 125 133 150 168 208 212 213 242 243 386 392 403 429
22 47 70 105 115 182 210 221 272 275 323 360 378 414 420 434
6 10 56 137 171 193 205 208 264 282 305 384 392 395 396 422 424
1 2 24 36 84 100 105 123 162 219 238 265 341 346 435 440 445 446
91 106 204 246 253 275 313 403 424 425 426 434 444
83 97 121 125 156 194 204 211 261 272 277 351 362 366 389 401 410
67 164 166 198 221 241 271 308 318 325 345 348 447
9 64 107 119 123 196 204 209 280 327 331 400 404 414 429
2 24 35 46 58 69 111 155 157 217 222 253 292 310 349 367 390 429 439 447
42 68 75 95 124 149 167 230 245 263 352 364 365
26 40 93 113 116 139 166 193 211 239 241 278 293 313 331 357
38 149 155 171 200 240 247 289 321 322 417 441
19 39 63 163 179 191 197 210 217 219 222 244 313 352 379 445
33 49 65 66 70 85 124 162 215 227 272 282 302 304 335 398 410 415 440
3 20 27 47 52 100 167 203 209 228 285 296 319 329 367 449
9 37 53 79 89 98 131 157 198 241 279 294 321 334 426
23 31 33 57 97 101 112 119 122 188 206 254 262 276 305 368 383 411 418 440
4 26 27 108 118 126 161 170 190 198 199 218 275 277 300 344 360 373 389 435
38 75 79 108 207 232 306 307 332 348 421 423
3 4 32 44 69 97 119 150 309 317 394 437 438 449
29 50 70 85 101 130 151 212 237 284 300 320 368 392 441
54 64 119 120 162 165 228 319 339 343 350 354 390 396 399
50 124 137 231 248 281 342 360 361 379 411 416 424 448 450
2 50 91 188 214 240 263 286 326 331 351 366 369 407 410 419
9 25 48 67 87 108 112 141 143 162 176 183 198 264 284 330 381 406 436 450
99 122 155 173 185 192 236 263 288 369 396 406 414
2 32 66 129 200 212 237 239 287 310 319 351 381
15 35 38 53 92 125 147 183 306 328 339 413 448
11 31 65 98 122 207 275 299 300 362 406 424 447
35 68 72 119 140 192 235 240 343 360 388 389 402 415 418
41 62 126 162 185 215 249 272 292 294 313 319 337 360 380 403 421
9 48 101 114 236 270 272 291 314 349 359 360 368 385 407 443
34 58 88 97 102 125 158 167 205 231 242 270 306 307 308 336 368 383 423
1 3 31 50 153 155 211 273 287 291 358 395 409
38 60 88 105 113 148 159 166 174 272 290 331 332 356 403 446
11 17 50 65 75 144 253 273 313 323 362 395 416 424 440 450
33 109 202 219 228 237 256 258 317 318 338 392 397 427
9 20 118 137 160 195 203 236 328 378 416 418 450
54 115 119 124 129 193 205 220 295 306 312 313 315 390 448
39 106 115 116 132 145 167 283 302 303 368 380
35 73 78 126 141 183 191 212 218 237 267 270 314 320 335 345 347 376 392 448
8 23 42 52 58 89 115 131 174 216 269 318 325 391
135 156 178 199 253 261 278 333 342 348 358 384 405 448
15 22 145 157 161 173 219 245 246 273 306 307 330 377 389 415 434 444
106 119 121 122 148 150 178 207 235 240 247 261 287 296 355 359 420
16 36 66 67 91 100 141 176 289 327 329 364 397 423 447
9 59 68 120 158 172 180 214 261 273 276 291 308 331 447
21 51 79 96 130 139 145 147 159 165 233 269 292 320 335 356 362 385 411 420
33 48 100 103 181 207 233 243 244 250 385 396 405
42 56 75 79 99 155 182 186 213 231 238 239 300 306 314 324 333 335 380
10 50 90 116 196 209 231 238 243 310 348 351 404 408
11 16 61 76 80 97 102 143 164 221 234 266 313 317 328 333 379 407 439 442
39 66 78 111 120 142 165 184 195 228 233 245 248 282 323 338 341 374 418 427
9 61 77 95 132 160 234 237 253 288 317 318 344 356 363 384 403
15 25 41 50 110 144 218 289 305 317 321 323 327 348 360 375 430
15 26 31 130 164 167 176 187 222 257 259 280 297 308 315 344 367 416 417 422
82 127 167 177 225 265 273 291 345 362 434 438
15 36 59 165 196 208 248 271 363 364 390 417 448
58 79 100 116 163 165 177 178 203 208 225 248 259 261 353 364 387
14 25 65 132 139 140 179 211 214 216 242 255 269 325 392 395
44 55 138 173 185 258 263 352 382 386 410 415
18 63 124 154 167 203 207 217 241 243 270 279 298 299 310 388 398
45 46 79 80 99 105 107 108 117 148 160 162 223 309 353 358 361 386 390 433
98 113 133 155 175 180 251 256 258 277 357 363 431
39 67 81 108 120 135 161 329 368 376 397 402 407 419 423 431
43 53 146 169 290 297 330 333 346 352 360 384 410 419
15 16 56 76 128 141 161 208 245 279 403 407 417 428 436
24 144 167 174 184 262 276 293 377 381 394 401 429 433
8 12 27 36 38 49 98 107 120 153 156 170 179 193 238 249 263
19 23 31 63 67 115 120 155 157 185 197 228 242 247 298 309 311 330 342
6 9 10 58 86 150 165 251 289 333 428 438
1 13 35 117 164 188 219 254 255 318 319 320 371
8 25 100 130 135 157 240 255 321 360 416 447
27 33 75 159 164 199 207 220 222 257 289 315 321 327 330 376 421 426 450
13 44 56 62 73 134 181 221 281 289 346 398 418 419
26 36 57 71 167 189 198 350 369 385 413 443
61 63 98 99 123 133 172 177 197 203 210 268 292 298 333 340 356 415 439 443
41 52 59 86 88 92 97 122 137 139 143 164 262 295 319 328 386 425
4 51 74 102 205 208 277 326 331 346 422 435 438
11 17 19 20 41 64 65 72 121 138 146 155 256 309 440
7 27 32 80 103 111 163 169 173 211 279 306 312 314 371 388 397 400 422 425
39 159 168 171 237 246 261 288 297 308 356 433 437 440
20 43 65 89 90 91 110 127 137 138 177 181 214 246 273 322 334 340 427 438
24 87 139 158 165 178 213 237 248 258 297 311 315 338 361 374 387 425 447
1 46 86 145 167 177 203 216 234 270 301 338 343 409 420 428 430 445
31 36 64 74 76 108 224 225 230 273 322 340 348 400 422 431 437
67 95 154 181 190 207 215 246 301 306 384 403 406 438 444 447 450
16 55 109 121 225 235 253 298 318 327 334 346 382 403 434 445
27 41 48 67 74 85 117 118 145 147 151 174 208 217 229 293 360 370
9 36 74 82 119 121 128 132 219 231 286 304 337 357 364 435 438
1 12 29 58 93 94 149 211 213 215 219 225 271 276 349 416 439 441
6 65 86 88 94 194 203 294 313 318 321 427
110 112 115 120 124 173 206 215 242 249 278 296 327 336 342 381 400 406
3 45 60 114 123 191 212 226 306 345 367 391
30 59 73 118 137 148 163 273 306 346 349 371 402
30 34 36 41 53 104 109 159 169 210 224 226 245 295 313 360 395 408
30 46 113 162 172 176 177 181 185 216 238 245 304 358 423
96 148 185 257 286 293 306 312 368 424 437 443
5 71 84 91 154 190 218 286 315 351 368 390
19 39 76 82 118 142 225 229 230 238 242 275 324 341 425
1 58 84 93 109 133 145 153 169 170 186 207 265 285 324 364 372 381 387 426
21 75 83 85 94 156 175 184 198 236 304 416 431
39 41 62 65 134 163 177 182 184 187 219 258 285 306 334 418 426
2 29 36 111 154 170 193 240 290 322 327 333 337 347 406 426 428 432
16 19 68 93 103 117 118 130 179 188 202 231 232 241 263 277 288 292 387 448
36 41 49 54 124 128 129 159 181 199 208 215 223 264 383 399 443
13 31 34 55 105 120 144 159 165 176 207 273 291 301 410 429 442
1 2 33 67 94 119 134 216 276 353 417 448
24 134 136 143 203 222 240 251 298 349 376 385 391 400 406 413 425 426 427
30 34 51 88 144 145 149 150 153 205 285 321 348 399
7 15 99 103 146 168 190 268 271 289 322 325 393 394 435
18 37 48 61 100 114 140 147 176 191 205 231 241 255 259 404 423
54 64 91 110 222 303 304 329 330 360 380 398 449
3 20 32 43 72 83 171 173 192 284 322 336 344 372 374 391 397
5 26 37 44 51 57 65 98 140 145 253 266 288 343 364 381 398 423 448
11 13 27 89 171 185 194 261 379 389 427 429 437
6 15 55 64 78 133 159 172 317 390 408 431 448
3 53 89 118 143 174 177 192 227 243 309 340 348 366 377 389 391 393 424
45 61 71 106 118 137 200 212 258 371 372 434 439
31 103 117 173 177 180 269 283 328 334 359 382 387 390 429
39 44 105 112 125 185 219 296 316 325 344 353 414 447
22 67 105 111 114 125 201 210 229 268 274 311 363 364 380 383 419 445
64 74 83 90 114 115 142 279 380 400 403 432 442 447
17 45 50 97 112 186 187 198 234 287 335 387 433
17 38 94 98 123 156 177 243 258 277 321 412
51 101 190 208 251 269 273 278 299 340 355 356 370 405 430
29 56 57 138 164 165 282 285 287 312 316 380 391 403 408 445
32 45 73 125 129 143 173 175 194 208 231 244 247 278 283 315 327 399
67 70 72 74 108 152 184 196 236 310 333 342 372 411 413 434
37 72 89 200 226 243 282 314 322 360 382 416 422 445
23 24 38 94 129 147 183 212 226 251 277 288 322 326 328 352 379
46 73 89 93 124 165 192 203 242 276 280 353 383 387 390 409 411 420 425 437
9 40 46 54 113 132 181 223 243 285 304 305 353 358 362 376 410 426
163 165 174 243 247 258 261 276 284 383 400 410 446
6 28 37 40 96 116 177 221 239 257 260 285 378 395
26 40 47 75 98 100 113 114 147 152 159 217 244 267 315 317 322 341
30 71 74 109 117 132 135 153 195 222 233 276 300 311 314 377 445 448 449
19 50 63 78 80 114 145 184 213 225 256 277 289 304 390 397 448
17 74 92 124 145 156 228 298 300 314 316 325 416
55 101 144 154 167 175 179 235 246 247 250 255 341 365 383 434
4 34 57 73 81 82 111 157 180 182 250 287 300 332 333 352 362 405 441
22 43 51 88 127 142 149 160 251 305 362 365 392 395 396 399 425 448
3 28 56 109 132 158 227 233 250 252 300 302 305 330 362 387 413 432 438
5 24 81 117 168 194 238 247 286 294 302 307 313 353 384 402 438
5 26 42 56 64 66 72 74 91 115 147 194 287 290 300 305 312 382
45 48 50 71 138 148 152 224 250 271 281 289 324 340 372 384 397 424
13 24 48 55 73 91 92 116 127 220 255 278 315 323 332 336 341 389 400 404
14 33 80 92 163 189 194 196 200 224 241 265 281 302 314 353 402 439 448
30 58 74 90 120 141 198 238 274 297 316 340 352 353
4 15 35 104 134 160 221 223 227 275 286 287 304 319 372 394 412 431
16 30 58 66 97 172 232 258 275 342 354 390 405 417 435 450
3 51 63 92 94 130 170 209 278 321 326 349 380 393 406 439
9 10 23 40 49 83 84 116 157 172 194 202 230 237 273 291 295 316 380 414
5 46 52 79 87 88 91 105 116 127 209 255 261 281 286 288 373 442
25 102 185 188 193 203 210 225 265 278 282 288 291 321 432
32 106 111 181 214 237 288 294 299 300 408 409 415
40 49 51 64 102 127 139 245 251 264 300 303 343 349 355 363 379 383 407 434
8 30 37 135 143 178 197 224 282 313 319 330 341 345 354 361 379 397
57 100 112 125 156 198 297 312 333 349 361 377 382
116 129 137 189 212 234 235 280 283 295 314 341 368 387 395 439
52 57 61 64 71 128 172 231 264 265 290 313 314 374 375 428
17 27 70 78 99 117 122 194 211 225 247 254 264 277 292 306 340 395 417
31 32 33 45 184 239 244 255 258 285 314 342 378 386 416
24 27 40 61 100 119 173 205 225 276 287 321 322 331 340 370 374 375 441
64 82 97 161 168 222 241 249 253 256 277 331
9 11 14 24 34 52 77 95 108 114 121 267 298 336 344 391 432
14 73 90 93 105 127 154 196 239 263 316 344 362 382 395 437 440 443
18 29 40 66 86 96 162 212 270 309 350 378 410 423 446 447
1 43 46 49 192 253 288 311 377 389 401 433
14 17 26 33 63 65 87 89 95 127 184 238 262 283 299 346 356 369 441 444
11 47 75 102 127 130 184 244 266 280 310 345 377 396 422
36 43 90 113 143 167 183 202 228 232 237 264 293 319 384 427
6 65 122 123 160 230 271 281 285 370 414 441
1 30 60 78 100 155 157 175 188 278 296 380 381 407 440
2 46 122 143 151 162 239 244 332 423 434 446
16 46 126 179 207 249 263 301 324 341 384 434 437
29 144 147 165 189 199 235 257 307 347 369 427 448
1 20 21 25 105 129 188 230 287 323 337 391 393 401
5 12 27 78 90 155 188 246 248 286 293 380 385 445
38 46 79 140 160 183 228 251 252 277 284 292 345 362 381 387 410 417
29 45 75 81 95 121 152 161 202 231 241 259 266 307 310 341 349 403 411
13 58 75 123 129 140 161 167 190 202 221 318 322 335 396 432 448
14 25 44 71 116 159 172 208 252 377 386 389 403 418
2 24 40 48 76 173 220 232 241 248 326 347 382 398 401 407 427 434
10 39 48 56 116 130 137 148 167 188 213 221 278 320 362 379 403 422 444 449
33 94 169 181 207 216 231 241 245 274 285 327 385 410
18 34 41 54 100 105 162 170 186 218 285 292 296 335 357 379 390 411 415
11 41 51 60 75 84 174 187 230 238 281 287 290 307 315 391 414 418
2 5 16 36 143 150 205 223 239 258 260 263 285 353 411 419 426 437
28 106 178 184 196 201 202 223 233 254 311 320 384 390 402
11 45 79 94 95 141 177 178 184 232 247 284 294 352 353 360 375 380
39 62 90 122 138 148 149 174 232 303 391 443
11 62 65 171 290 299 334 368 379 399 415 426
1 4 16 36 49 56 139 191 193 205 217 232 362 368 391
11 29 30 36 44 81 117 123 129 166 283 317 336 364
15 16 20 32 291 365 371 380 391 411 424 441 445
43 49 67 84 154 162 168 250 298 305 308 339 361 369 371 391
10 46 70 103 104 199 201 213 215 291 295 347 363 420 424 435 441
1 10 105 111 119 128 134 136 147 193 268 297 303 338 405 426 446
44 87 161 190 250 284 305 343 345 362 379 399 410
19 21 78 114 130 166 180 186 239 258 261 282 285 294 321
47 95 135 194 229 235 266 280 289 293 305 333 334 374 416 421
23 100 112 120 128 144 157 175 220 222 315 319 329 335 356 363 390 408 432
37 53 169 172 190 207 208 212 233 238 311 344 366 367
22 24 34 102 105 106 143 178 190 226 271 291 342 369 415 417
35 74 107 108 128 148 151 160 209 317 324 346 411 418 429
36 131 163 179 192 243 255 274 310 363 364 365 376 381 383 392 408
102 111 122 134 156 160 184 218 224 234 256 307 322 324 331 333 366 419 432 433
18 38 60 86 135 144 150 221 229 278 295 338 346 359 415
74 101 103 138 170 185 186 262 292 320 333 354 355 359 361 396 403
3 98 113 134 164 170 171 240 259 265 317 341 414 421 422 426
9 69 112 139 153 173 186 188 191 202 257 312 344 361 378 431 436
8 70 104 105 119 130 141 151 182 209 221 256 299 310
52 81 132 154 171 185 257 307 314 322 355 373 385
21 83 89 127 143 161 207 259 311 316 335 389 407 434 448
3 42 104 113 131 146 149 161 171 218 264 307 342 358 367
23 36 43 49 76 133 134 149 171 182 194 217 257 299 316 383 402
32 38 154 162 182 194 210 247 250 269 354 356 371 407 435
36 47 58 108 234 251 259 264 283 284 289 317 349 386 415 421
13 21 107 133 165 283 302 317 348 353 379 405 436
3 27 36 55 88 139 180 208 220 222 232 290 298 316 338 354 382 387 438
4 5 53 78 88 129 159 227 237 269 272 342 344 352 429 441
11 13 23 34 81 226 315 317 319 331 393 398 423 426
2 13 46 82 124 134 148 195 203 214 219 248 255 291 341 407 423 437
6 9 10 11 30 113 149 216 240 269 323 343 376 390 395 397
35 107 123 125 179 228 245 265 275 292 311 343 360 363 371 374 411 448
17 74 83 89 113 159 175 215 220 236 271 298
3 109 160 165 228 268 315 318 351 361 362 390
24 27 28 43 50 57 81 151 232 241 256 291 312 341 346 401 429 432
12 13 30 53 95 99 139 157 175 206 214 227 247 299 342 372 393 417 422
38 74 91 160 164 281 295 333 372 393 426 429
15 67 82 118 285 288 346 388 390 410 413 450
37 45 53 63 93 175 176 228 239 246 282 298 355 356 407 432 433
21 43 49 51 100 121 130 145 191 202 206 258 273 306 312 327 349 356
55 56 135 161 171 204 223 227 304 315 329 330 343 366 391 398 430
16 95 118 131 155 167 169 177 263 265 298 300 324 362 402
2 10 75 90 113 178 190 248 263 277 287 306 323 361 426
4 13 33 80 108 159 170 213 215 240 248 268 286 294 325 417
48 96 169 183 186 236 237 261 286 300 303 309 328 334 365 374 375
53 60 71 96 114 158 183 190 276 283 284 339 409 436
25 99 104 119 120 136 152 153 177 180 208 276 296 337 361 378 401 415
62 63 71 76 99 104 193 201 220 224 247 248 355 367 374 396 410
4 20 26 39 50 69 116 202 287 302 334 362 414 429
101 110 204 249 264 281 347 378 379 382 408 414 426 431
17 21 33 50 73 84 107 136 152 157 244 262 283 357 413 440 443 445
12 43 73 98 115 144 176 179 186 200 220 248 249 300 318 336 391
26 54 118 123 137 161 163 165 184 213 239 253 305 369 397 418 425 437
3 11 47 52 105 145 163 294 295 302 309 324 349 382
