4 13 14 16 17 45 48 53 58 72 82 102 112 113 115 120 126 141 143 215 217 230 259 280 288
37 84 88 108 126 137 139 143 182 187 190 195 233 237 274 286
25 47 57 71 79 113 127 135 186 205 220 253 261 276 288 299 300
1 2 10 30 55 58 79 83 92 102 123 135 153 158 166 186 192 251 257 260 272 277
4 11 17 31 33 35 37 62 68 110 113 116 118 122 127 143 170 174 249 264 277 284
2 8 26 31 39 48 51 85 86 110 122 128 136 195 200 206 209 227 247 249 277 282
21 42 62 105 121 127 134 161 162 207 215 268 290 292 297 299
5 54 55 60 69 80 81 105 108 136 140 145 146 154 155 176 225 271 279 284
21 22 53 66 76 108 128 158 182 184 187 190 221 283 299
13 20 56 82 99 103 114 115 117 137 143 157 169 180 196 205 236 241
1 23 36 60 64 98 101 131 154 159 161 168 170 187 198 207 210 221 224 260 267 276 296
3 13 24 38 48 55 76 91 100 102 113 116 121 125 126 159 172 197 205 213 218 234 244 254 295
33 40 42 71 78 79 110 119 121 123 140 141 147 164 170 172 197 209 213 226 277 278
14 26 43 66 70 85 94 109 134 143 168 173 195 202 208 220 233 237 240 274 289
14 22 39 53 56 59 62 84 86 102 125 155 160 178 193 204 273 290 295 297
15 45 94 109 125 126 133 143 166 167 173 175 182 195 231 238 250 254 292
52 62 95 99 100 111 119 129 139 142 145 157 162 170 177 181 218 233 248 269 272 275 282
28 31 42 44 51 61 77 78 107 109 116 128 136 153 156 157 195 214 220 227 231 268 286 289 292
11 14 21 42 47 64 90 118 129 138 140 148 156 166 207 222 225 240 241 253 257 277 295 296
27 28 68 97 105 137 148 186 212 227 237 256 266 278 282
2 36 70 75 98 125 137 140 142 145 150 153 175 197 213 234 242 248 260 261 283 297
8 19 39 42 52 65 74 80 136 163 169 170 174 195 204 210 226 234 241 258 270 274
5 38 41 74 81 88 90 93 119 124 131 148 196 227 236 237 239 255 280 290 299
18 21 47 50 68 71 90 98 103 113 118 129 147 152 159 168 181 187 188 213 226 255 277 297
13 20 24 33 50 56 60 70 72 114 120 121 135 155 156 168 191 196 210 238 242 253 276 288 300
2 11 26 36 47 65 67 75 76 106 107 109 111 120 125 129 142 169 171 277 284 290
16 32 34 38 42 56 65 76 141 165 167 206 219 228 235 246 252 281 300
31 35 44 47 48 50 63 67 79 169 182 191 192 211 217 222 243 285 288
4 14 15 16 36 47 73 74 81 93 111 137 140 159 174 175 180 190 193 206 215 233 272 286 290
4 37 62 67 71 90 118 131 149 168 182 195 204 221 255 257 273 287
40 41 59 76 87 100 114 159 171 174 179 180 203 206 224 262 269 272
20 29 30 35 38 141 147 156 159 181 189 226 227 232 237 241 260
21 27 34 44 49 82 89 127 145 169 172 174 187 191 199 210 225 259 268 269
10 20 40 48 52 68 71 79 80 93 99 110 116 152 159 173 175 186 193 217 249 260 261 270 277
27 43 53 64 71 76 83 103 129 140 146 191 231 247 263 265 284
3 10 41 57 72 77 111 132 147 217 230 241 242 271 281
9 11 23 35 44 96 124 130 185 192 199 200 214 241 260 269 270 279 284 293
19 22 23 25 64 98 103 130 140 147 159 162 170 183 204 243 264 279
16 22 30 39 74 82 86 141 152 157 180 181 187 208 219 223 225 228 229 263
34 38 45 61 63 70 81 89 103 110 134 135 147 149 154 164 178 228 229 232 252 278 282
29 38 64 66 67 79 83 85 94 116 156 166 177 222 231 239 258 265 266 283
16 24 42 108 126 136 149 155 208 214 248 255 280 293 296
26 50 63 73 82 98 124 127 128 137 149 161 168 197 215 231 239 256 264 296
27 38 61 100 144 148 186 198 206 231 259 282 284 288 292
9 14 57 72 84 136 154 158 164 168 170 173 189 202 214 243 244 251 260 261 273 289 299
71 89 107 161 167 176 182 193 236 245 266 270 273 280 288
22 41 63 75 104 110 132 139 141 148 149 177 178 179 195 203 227 246 276 279 287 294
5 19 20 31 46 90 91 96 119 147 149 153 165 204 214 254 274 291 294
4 45 49 72 90 95 121 128 134 166 168 197 206 208 219 229 245 264
32 40 42 58 69 79 112 113 114 127 186 192 213 229 233 242 245 259 270 271 276 281 282 289
17 31 36 42 61 69 70 92 93 147 179 192 193 194 196 202 210 216 230 242 271 276 277
23 25 29 72 74 112 114 120 122 126 149 155 164 165 206 212 225 258 267 277 295 296
41 48 69 105 125 131 170 190 199 212 214 231 272 286 288
61 98 105 123 125 134 145 158 165 184 185 195 204 239 246 263 274 283
4 18 25 31 35 39 71 72 87 95 119 126 132 173 181 212 236 251 252 256 269 278 280 282
5 17 29 41 42 43 48 88 116 125 130 137 154 182 192 194 195 204 208 236 244 283 290
28 39 40 41 51 72 84 119 124 154 170 175 178 197 200 204 224 257 277 289 291
3 14 45 53 68 96 139 158 185 209 221 228 230 263 285 286
33 40 55 70 75 86 101 127 129 142 154 156 185 216 223 235 248 253 254
14 36 59 72 93 103 108 124 125 130 144 150 156 167 187 193 202 210 225 237 256 280 282 289
6 13 51 55 78 114 133 170 177 192 201 221 229 238 248 257 262 266 286 295 298
15 82 90 95 96 102 119 170 203 208 219 220 222 231 237 265 283 287
44 60 61 69 71 73 89 94 123 153 157 161 181 192 197 199 215 235 262 295
16 17 43 58 59 86 87 113 116 138 141 148 150 235 251 254 262 276 279 282 290 294
31 49 65 68 70 72 85 87 106 128 137 142 144 149 150 166 180 211 220 264 273 276 292 294
24 25 33 51 67 109 112 138 146 166 173 176 204 220 249 254 274 281 290 296
1 5 37 40 46 47 49 53 62 68 110 116 118 120 154 157 161 176 189 197 217 220 228 245 266
14 28 58 97 106 123 128 146 152 155 198 201 254 261 266 284
21 31 43 79 111 135 147 204 206 213 217 257 260 275 276
6 7 29 60 62 71 84 90 133 159 178 223 233 255 265 268
2 7 19 23 24 53 60 77 81 86 92 115 117 126 131 165 187 189 197 215 242 261 284 294
1 4 5 13 31 54 78 101 106 120 122 126 158 172 178 193 210 215 252 272 278 280
39 55 56 62 70 80 85 104 107 120 140 161 163 184 209 231 232 239 275 300
7 12 32 34 39 44 48 49 53 63 66 67 72 102 114 128 133 191 206 228 237 282 299
10 71 93 103 128 139 165 177 184 196 197 199 215 246 249 258 270 279 290
15 20 29 47 73 89 90 91 97 120 122 159 163 181 182 184 252 253 278 289 291
1 66 70 81 90 91 115 151 155 158 163 166 183 194 201 224 250 288 291 294
1 25 52 56 86 132 180 193 194 198 212 215 225 246 253 280
16 26 28 50 52 81 85 98 106 122 136 145 153 170 210 221 223 248 277 284
23 32 44 50 78 95 96 116 117 135 138 177 190 196 212 226 229 239 278 284 289
22 35 41 45 65 76 99 104 133 142 164 167 199 204 217 223 283 285
11 20 26 74 89 122 138 142 170 173 191 197 203 206 207 243 244 249 293
15 17 26 29 30 34 70 82 89 99 103 128 160 185 207 234 260 264 269 292
5 11 68 89 106 110 112 114 115 116 130 138 141 155 157 179 193 210 217 236 239 243 263 267
14 19 72 88 93 98 114 133 152 154 164 176 184 199 207 208 215 244 255 260 274 286 293 299
28 42 71 74 78 93 103 153 162 176 196 210 212 235 272 292
3 8 10 20 34 53 67 86 98 103 116 128 157 160 165 177 192 197 258 272 274
5 11 20 25 56 60 64 79 106 130 131 155 193 195 214 216 228 243 274 281
2 7 39 46 47 52 57 77 119 121 132 152 170 234 247 253 262 294
31 58 59 68 82 86 94 140 176 191 198 205 206 216 234 245
7 49 115 128 134 161 174 178 198 222 247 266 268 269 290 296
1 10 19 41 46 47 53 61 121 162 207 212 228 229 230 236 255 256 282 286 294
24 55 56 62 64 69 72 85 97 98 101 111 131 150 174 192 202 210 213 231 235 253 259 268 281
60 68 92 103 108 112 149 154 161 166 177 212 258 263 278 281 284
17 25 32 53 75 105 115 122 129 148 152 184 196 199 200 232 262 278 288
3 21 39 62 67 79 80 83 89 91 96 131 136 143 166 170 194 220 239 264 285 300
5 13 21 23 59 124 125 132 145 152 165 178 192 196 198 229 244 250 261 264 265 272 277 288
9 28 37 38 92 117 129 133 162 199 208 209 222 231 286 295
3 6 16 22 44 64 70 73 74 81 113 152 153 157 192 201 202 243 274 276 280 281 284 285 294
3 36 52 79 87 100 114 121 127 142 146 157 161 162 163 169 185 187 220 224 231 249 290 291 300
6 47 69 72 77 82 85 92 115 123 149 187 188 201 204 229 238 242 257 258 262 264 277
4 40 72 90 115 129 177 181 188 193 194 208 247 250 257 265 279 292 297
10 21 29 44 69 74 76 83 86 88 93 111 113 133 146 208 211 230 242 247 263 265 289 294
1 23 43 51 67 69 118 120 131 180 190 196 216 218 220 221 245 247 268 272 277 295
52 61 71 83 92 110 118 130 158 177 190 204 206 229 248 261 283 285 286 287 296
6 18 19 87 90 100 104 119 147 185 225 254 262 265 266
3 38 55 60 90 100 116 134 142 151 175 178 207 209 233 258 260 263 287 295
5 39 48 92 112 128 135 138 148 161 176 181 182 205 212 244 265 275 284 294
17 28 66 94 114 141 144 162 178 191 202 204 217 245 252 253 258 262 270 277 295 296
5 52 68 75 77 91 93 101 118 121 139 144 196 216 222 231 243 256 285 293 295
41 63 75 86 90 102 146 147 167 173 180 182 196 216 229 238 250 262 276 295 296
14 28 33 43 44 49 53 54 80 86 108 135 204 243 269 281
1 6 46 70 80 91 117 134 156 158 159 178 188 212 223 227 234 247 269 274 277 289
36 57 70 94 97 123 138 140 146 149 212 217 232 234 265 273
7 17 29 37 42 63 75 93 99 127 128 129 137 170 191 196 198 201 227 238 241 279
5 8 22 31 46 47 62 80 81 86 125 128 142 174 191 203 244 256 298 300
36 80 83 96 135 141 152 166 179 188 231 233 240 272 278 279 284 291
17 23 35 50 51 55 67 92 99 104 199 249 251 268 270 293
21 37 40 50 52 98 99 111 119 137 156 198 266 271 273
81 110 124 131 162 166 167 181 185 191 193 212 221 227 230 232 274 280 282 289
40 48 71 89 112 120 128 132 136 154 167 188 205 248 292 293 299
6 22 26 28 47 68 76 77 79 114 149 157 164 168 173 196 202 222 229 258 259 269 277 290 295
8 12 13 23 28 44 57 58 75 76 80 87 103 120 125 148 157 176 180 192 226 227 231 242
10 12 21 46 51 56 96 102 119 127 150 162 195 198 235 249 257 261 273 288
45 68 70 71 79 104 106 117 124 159 160 169 196 214 219 230 267 269 278 294 298
14 41 55 68 69 95 97 119 137 184 192 199 241 245 252 258 291
20 22 56 126 161 195 202 203 208 219 232 234 266 267 269 275 276 293
13 44 47 58 59 64 70 84 92 93 104 129 166 186 197 202 212 231 233 262 269 280 300
3 4 19 26 29 41 76 95 107 112 122 126 143 179 210 227 233 244 253 279 281 286
30 34 45 56 63 69 108 141 148 150 163 169 212 219 242 248 269 270 271 282 293
4 6 15 35 59 90 104 109 131 145 154 158 166 171 175 203 260 282 287 292
16 17 34 45 60 77 85 96 122 140 144 158 162 170 174 182 191 193 200 212 232 255 274 293
3 12 23 24 45 53 60 99 103 108 142 147 160 164 165 171 240 267 268 273 296
28 41 45 55 92 102 160 171 183 197 201 219 229 239 274
16 34 37 53 55 58 66 88 145 155 167 170 179 180 206 208 233 237 244 246 250 261 273 285 295
1 32 47 56 72 76 77 101 106 112 150 154 156 163 168 195 200 229 232 254 273 292 296 298
6 9 37 65 69 70 72 74 79 89 97 109 148 185 197 214 224 244 250 280 285
41 46 58 73 126 144 189 239 247 248 265 268 270 291 298
14 19 27 32 43 65 86 87 134 147 149 150 156 243 249 259 289 294 297
27 28 60 79 86 108 122 136 177 197 205 212 226 238 244 254 296
5 6 7 35 51 54 93 100 124 131 137 139 140 161 172 173 182 201 211 222 237 267 269 281 300
31 32 36 38 56 74 83 92 103 132 133 136 142 166 171 196 199 202 219 226 252 277
2 29 36 42 47 63 116 156 171 175 184 188 197 206 207 236 247 274 275 277 291
9 10 19 22 29 37 61 73 77 109 120 173 174 208 231 235 242 251 268 274 275 297
24 33 62 71 73 87 89 110 141 165 172 190 213 280 284 295
3 20 46 61 65 74 90 93 99 106 121 123 139 155 179 211 215 231 256 268 272 286
15 23 27 37 51 54 57 60 81 91 102 117 118 121 122 167 215 228 249 264 276 297
8 45 81 88 111 113 118 143 152 176 211 237 243 251 268 284 296
7 9 43 47 68 112 123 124 152 157 184 209 232 246 254 286
17 21 27 29 35 42 57 90 105 107 139 152 172 187 188 197 219 239 264 278 287 288 295
12 34 40 42 45 56 58 76 78 85 92 97 105 142 148 151 189 201 214 235 255 267
25 76 79 83 86 88 90 94 117 122 134 146 147 148 181 191 234 248 275
3 21 58 72 76 149 152 170 174 227 243 246 260 280 283 290 294
7 29 45 76 100 111 146 158 163 177 180 185 190 191 198 204 219 229 252 262 288
22 71 90 96 103 149 155 156 196 213 237 238 252 253 284 285 287 291 300
9 25 28 30 62 70 75 84 133 140 149 164 183 185 192 215 237 244 263 295 298
9 40 53 59 60 68 80 84 97 112 114 175 179 214 236 246 258 270 273 283 287
6 15 17 22 23 31 34 47 50 56 61 64 95 101 103 106 130 155 180 241 263
55 57 58 64 70 93 95 110 117 148 161 182 185 188 195 209 218 226 239 254 264 267
34 44 53 62 63 74 87 102 103 120 140 143 174 183 187 203 205 206 207 208 218 244 249 256 298
10 17 19 61 69 85 91 156 160 162 176 193 197 200 221 227 231 236 250 252 277 280 286
11 20 29 34 44 50 59 87 121 126 127 157 160 167 173 177 180 183 211 220 276
25 35 39 48 49 108 110 116 136 140 148 153 173 178 206 219 244 272 275 291 294 297
31 33 59 76 78 83 103 105 121 123 124 132 137 147 154 164 187 208 211 212 223 237 268 290
47 58 62 63 72 121 122 129 161 169 200 204 217 255 257 268 269 293 298 300
5 18 28 47 63 83 108 121 122 123 130 131 153 155 159 163 186 197 199 202 225 227 274 283
2 43 44 57 67 69 70 81 89 102 103 128 134 145 157 161 164 168 206 211 228 232 245 265 295
15 61 67 75 93 97 98 105 106 111 115 121 135 137 145 148 149 196 210 215 221 254
3 22 24 46 68 73 87 92 130 134 155 163 174 190 196 203 222 240 253 258 259 272 287 298
19 21 58 60 76 84 134 183 224 227 235 240 241 249 253 254 288
3 14 15 23 42 55 63 79 138 146 166 167 169 192 202 232 233 236 246 292
47 50 68 96 103 138 159 184 189 199 217 222 223 229 244 251 252 263 289
9 24 25 40 42 49 56 59 130 131 152 182 212 218 238 258 262 263 283 292 300
3 7 45 60 65 70 88 155 156 185 203 208 236 245 250
11 27 60 79 86 104 125 151 201 228 231 242 249 292 300
10 11 32 33 60 83 99 119 138 148 162 178 214 217 224 230 241 243 254 271 284 296
10 25 52 81 82 89 103 108 121 134 156 183 184 213 252 253 286
22 26 51 53 54 55 57 61 63 71 79 81 86 106 150 172 186 187 225 227 235 256 260 288
6 19 32 36 44 75 78 85 162 174 202 206 223 227 265
19 44 48 65 76 102 106 110 146 155 172 177 200 207 208 227 229 262 267 276 277 279 283
42 48 51 54 72 76 99 120 127 146 154 168 180 185 194 211 218 233 265 267 274 290 294 299
17 21 57 61 62 79 81 149 157 190 191 192 210 234 243 268 287 293
13 24 46 68 71 77 85 120 143 167 174 199 203 210 227 230 231 236 244 259 277
12 13 24 44 47 51 59 74 87 93 132 147 163 165 175 196 206 213 224 228 252 271 274 278
10 15 34 43 52 65 73 105 120 127 138 156 209 229 238 248 257 284 285 291
24 36 46 63 72 83 108 126 134 140 144 145 154 163 165 176 203 222 232 259 262 274 285 289
4 5 11 19 47 57 64 91 99 101 108 114 120 143 144 156 184 186 190 199 203 228 237 253
3 23 25 27 42 63 100 115 141 143 162 166 172 186 201 209 216 222 230 239 254 265 266 273 293
18 27 29 32 34 44 49 50 53 64 66 151 155 161 194 196 206 222 227 229 287 297
23 31 66 71 75 76 96 125 132 159 160 176 182 184 216 224 228 241 247 263 278 299 300
2 4 22 54 84 95 106 110 113 115 118 123 170 186 193 205 233 239 247 254
34 57 61 67 71 74 88 98 99 108 123 126 157 163 174 190 191 192 194 195 220 223 234 270 273
19 81 104 107 112 113 121 131 138 157 192 194 203 206 218 232 243 248 254 282 293 298 299
5 20 37 51 61 71 98 101 103 129 134 141 155 169 171 185 279 280
5 16 44 66 72 97 108 116 157 161 174 175 182 192 214 220 225 231 237 256 286 296
6 14 17 30 36 48 54 88 91 96 102 106 120 146 150 156 189 198 232 233 251 266 269 284
21 47 90 92 127 128 148 153 169 178 201 213 222 234 235 236 237 252 270 292 295
6 14 20 23 38 59 70 85 100 107 129 130 176 196 204 205 210 231 237 260
3 18 25 27 47 53 92 103 104 111 123 128 158 192 194 200 227 228 268 273
7 8 23 34 35 55 89 109 110 113 143 162 166 183 189 200 206 235
7 10 11 31 35 41 64 71 120 122 125 159 172 196 220 230 247 258 262 300
4 27 28 34 36 73 94 99 105 106 114 128 165 196 227 252 267 277
11 43 79 80 86 90 132 154 194 196 204 217 219 222 226 242 247 259 276 284
20 30 64 84 100 127 131 179 189 198 210 218 224 251 261 290
4 42 46 56 74 85 87 97 108 130 138 155 158 177 196 197 204 211 217 219 252 257 266 273 294
4 5 16 22 32 33 44 50 52 64 121 137 142 176 194 245 249 299 300
2 14 63 72 97 128 144 165 189 206 212 232 234 244 264 272
17 45 60 66 74 87 100 109 124 125 151 155 229 240 247 255 259 267 277 281 293
1 34 45 46 58 60 66 97 115 120 133 149 160 161 175 176 189 194 195 196 224 288 294 296
12 27 31 64 79 82 92 108 111 116 141 150 154 159 164 171 193 201 245 250 254 258 281 294
5 27 29 50 53 61 76 87 92 174 183 186 193 219 223 243 264 295
6 12 43 49 60 62 63 65 93 116 141 153 197 223 246 248 251 261 293 294
1 3 18 21 44 45 63 64 66 83 88 93 106 132 153 161 187 217 229 260 279 285 288 295
37 39 43 74 79 84 99 105 131 134 138 162 191 196 205 215 217 218 223 234 262 275 282 289
25 51 88 93 139 145 163 177 179 200 207 245 271 273 283 293
30 40 41 44 45 47 48 85 118 123 142 147 157 161 209 220 240 258 267 295
22 27 39 69 87 88 90 116 181 188 192 195 217 230 254 264 269 271
3 4 5 30 44 52 55 64 79 96 102 153 169 180 182 183 206 211 221 236 250 252 264 271
7 11 27 56 57 61 65 66 68 80 102 122 137 167 176 177 200 205 216 220 246 251 254 257 282
10 20 27 47 75 99 103 114 119 141 157 173 195 206 209 219 269
7 50 58 67 95 108 122 130 142 156 170 172 185 186 187 191 197 252 271 283 300
12 24 32 35 61 67 86 98 141 149 178 188 204 215 224 230 248 254 258 263 269 273 290
1 27 43 60 69 76 108 128 139 143 167 178 189 274 282
48 55 76 80 93 95 105 106 113 119 132 138 167 189 196 203 223 227 229 236 246 254 283 298
5 7 23 29 43 44 55 68 72 74 80 84 104 125 128 137 138 158 170 174 228 246 278 279 289
23 44 54 77 78 92 93 139 147 155 172 179 185 218 220 272
47 66 71 75 94 126 143 164 166 171 181 197 198 212 215 218 219 247 253 254 255 274 276 282
14 16 28 29 38 55 61 71 73 74 76 81 108 115 125 188 191 194 218 245 298
29 48 65 81 95 109 113 117 133 140 157 194 201 206 217 233 257 268 284 287 293
5 17 23 24 25 44 48 104 124 138 159 162 183 248 283 289 290 292
41 48 68 73 78 83 111 119 149 174 175 185 230 238 257 265 268
35 37 46 49 83 87 92 144 152 161 181 187 233 236 256 296
5 22 30 38 43 54 80 82 115 126 135 149 192 193 205 212 231 260 288 292
17 28 32 75 80 109 110 164 186 195 221 241 243 280 291
6 83 85 102 153 176 179 182 200 215 220 224 244 247 275 293
2 8 9 19 50 65 86 97 98 108 111 112 135 155 179 187 190 194 209 216 231 267 280 296 297
9 17 46 52 54 109 115 149 211 216 228 233 255 258 279 298
3 8 14 17 27 79 88 99 124 163 172 192 201 202 213 221 266 285 293
6 13 14 15 41 48 67 79 96 114 123 153 184 196 224 233 279 293
12 38 40 52 107 108 161 186 193 201 212 215 231 250 252 254
12 16 43 59 65 71 79 111 112 113 168 187 263 266 275
33 53 56 85 86 103 106 140 160 164 181 192 197 217 220 222 229 231 250 291 299
34 39 53 109 112 120 143 146 163 165 198 216 223 239 270 288 291 294
9 19 21 25 36 41 49 141 155 161 163 173 178 202 205 213 241 253 271 274 285
23 25 39 57 62 71 88 133 136 139 156 169 195 236 299
7 31 39 40 43 54 97 106 109 111 125 152 175 181 198 240 250 254 286
9 15 53 55 57 61 76 96 124 136 137 181 232 236 237 244 272 282 296
19 28 34 52 59 113 116 123 137 138 142 201 202 208 273 295
1 5 7 11 24 40 57 73 88 91 127 136 172 181 220 234 242 243 251 299
11 16 46 56 58 73 76 100 106 113 126 139 141 183 185 194 211 221 231 248 255 266 270 279 296
1 3 8 21 26 28 34 64 71 112 129 145 146 148 151 157 180 181 221 233 251 258
44 50 70 71 72 94 103 129 153 155 157 193 214 224 237 270 280 284 291 297
4 28 29 32 44 50 55 65 139 149 170 171 202 207 236 237 247 266 290
13 29 50 54 62 63 95 105 127 154 201 208 228 243 248 259 267
6 15 18 22 52 55 62 72 76 141 146 156 182 189 198 200 201 214 218 228 235 238 253 289 298
16 24 35 50 54 55 67 82 90 93 119 122 133 166 179 197 207 216 244 256 260 270 295 298 300
3 18 35 37 50 71 72 95 98 105 107 175 181 183 185 209 225 243 255 257 271 280 287 291 293
16 17 31 32 72 103 105 134 135 169 172 174 216 242 281 299
10 11 14 29 101 116 117 156 180 195 221 245 255 260 274
6 8 23 24 30 40 63 65 67 93 117 126 128 129 145 150 161 180 204 212 225 246 275 291
11 18 19 31 44 59 63 73 108 121 139 143 154 191 197 226 233 256 284
8 15 30 56 68 84 111 122 134 144 148 175 196 199 218 219 223 238 240 266 274 284 291 294
26 30 33 41 66 76 90 93 117 120 133 142 161 210 226 254 283 297
13 16 37 40 58 74 105 122 145 151 167 168 172 185 191 192 209 213 219 241 262 293
27 60 63 100 119 124 125 138 151 162 163 169 186 215 226 234 242 267 269 271 276 281 295
8 13 18 38 52 62 65 68 76 86 93 102 135 199 215 221 233 241 254 264 272 284 295
4 25 43 50 78 91 119 144 147 153 165 175 190 195 219 225 233 253 261 266 269 289 297
4 14 15 21 50 87 100 105 106 145 190 251 261 276 277 283 293
19 20 38 39 52 81 98 142 162 163 168 172 222 233 260 263 267 286
20 92 93 107 119 121 135 150 154 179 183 195 201 215 247 248 249 251 272 279 286 299
24 28 32 113 134 138 158 163 166 174 201 205 210 211 218 227 249 288
81 83 102 108 111 118 149 170 186 192 203 212 266 275 284
8 11 12 38 40 44 49 68 78 100 139 155 160 166 201 206 213 218 259 263 278
43 49 56 73 74 87 107 119 128 160 171 190 207 229 243 245 251 268 288 289 291
7 20 40 54 59 63 66 83 86 88 102 193 218 225 254 267
3 6 35 49 70 77 85 92 97 103 105 108 129 160 163 170 191 214 237 241 242 243 266 269 276
1 2 47 74 76 85 87 108 111 119 142 170 197 243 244 268 295
13 62 74 86 92 129 143 178 179 188 218 223 224 227 239 251 286 287
15 16 20 23 30 54 79 89 130 141 190 204 233 242 243 246 252 280 293
2 8 23 32 34 43 76 89 99 102 137 141 142 160 180 188 207 210 214 228 257 259 265 288
28 48 72 91 92 97 103 116 133 136 140 143 147 152 162 195 212 226 290
17 18 47 54 60 72 96 108 112 133 134 166 191 194 240 244 263 265 289
15 21 56 72 84 86 102 120 138 154 173 206 216 219 248 260 263 269 291 296
3 50 52 66 69 82 109 125 145 163 168 177 193 199 202 205 238 242 245 282
18 48 78 84 92 93 134 146 155 160 174 197 199 204 216 218 223 247
4 41 58 60 77 92 102 133 172 173 187 191 197 218 231 243 258 273 274
19 44 49 58 65 75 90 125 128 141 177 183 203 221 235 253 269 273 274
24 26 60 93 96 99 111 125 134 141 142 156 192 205 224 243 257 264 277 293 294
7 17 41 43 78 88 107 108 131 164 175 176 177 178 200 207 228 237 250 256 273 288 293
55 82 92 112 143 149 163 164 181 186 206 210 215 258 282 293
12 15 42 47 71 83 86 97 99 115 128 167 189 190 200 210 211 215 235 242 258 262 283 292 293
13 21 31 37 62 134 150 187 198 204 205 214 220 225 226 241 247 262 267 274 276
14 19 72 76 82 114 133 141 148 150 157 158 186 190 226 231 244 268 289 291
8 34 62 77 87 90 101 106 115 116 143 159 161 176 183 192 194 195 247 248 249 257 268 269
21 32 33 47 68 91 98 107 117 125 126 137 143 156 234 268 283
1 91 100 129 136 139 146 154 169 209 227 234 248 253 260 264
53 56 80 81 94 99 100 108 110 119 154 157 158 164 166 176 203 242 257 272 276 293
10 13 29 72 103 104 107 111 132 141 151 165 167 182 192 196 210 219 234 286 287
12 38 46 57 69 78 103 126 134 146 150 154 167 168 212 225 242 272 280 286 288 294
9 17 31 145 168 171 192 224 252 259 263 271 276 290 295
4 5 10 11 38 78 94 116 151 170 174 200 206 222 232 233 239 271 295
36 66 84 104 107 112 118 120 139 156 162 168 179 218 277
47 48 62 63 84 90 98 108 163 184 185 213 251 260 265 297
5 9 20 24 32 66 72 73 80 91 108 128 141 151 166 191 213 241 242 266 290
8 24 34 48 52 58 81 87 115 179 194 209 215 238 244 269 277
43 49 54 65 67 74 95 113 116 128 129 145 155 169 207 237 264 267
6 61 96 97 110 131 135 144 166 173 177 208 226 232 233 247 248 264 280 293 296
9 25 73 78 94 100 102 114 182 204 259 262 269 270 272 289
1 26 31 35 39 70 107 129 152 154 160 165 200 206 216 240 244 268 285
6 21 37 53 61 64 73 78 79 106 119 140 142 153 160 168 175 196 225 228 233 242 267 269 278
7 22 43 51 52 54 56 114 125 129 137 169 183 193 196 215 223 249 250 254 261 266 288 290 300
25 83 108 128 130 135 142 167 177 181 184 229 234 235 286
9 82 87 96 104 136 161 166 173 180 186 196 208 225 249 255
14 21 43 54 69 75 80 111 113 115 116 126 141 151 166 182 198 204 226 227 254 281 292
40 50 54 66 69 115 117 127 138 161 165 179 239 244 260 275 276 284 295 297
4 28 33 37 62 69 74 111 120 156 159 162 170 184 203 209 232 261 276 277 292
11 32 42 47 49 91 95 103 117 130 132 134 174 180 206 221 232 256 269 286
16 20 52 56 62 77 80 86 91 93 99 150 160 173 179 200 226 228 233 255 260 266 276 281
13 29 43 54 70 102 103 145 148 150 157 165 194 200 207 219 223 230 248 252 255 271 288
3 8 23 24 38 60 91 96 105 106 114 117 124 149 164 170 191 196 200 206 254 293
35 37 59 60 66 82 86 94 115 132 168 204 230 251 275
22 35 43 74 95 97 108 124 163 190 199 224 225 227 258
9 13 20 30 34 36 58 74 83 87 126 148 163 165 190 210 226 266 271 274 281 286
11 22 74 79 83 90 115 132 147 154 185 189 199 211 222 233 236 246 275 278
27 56 73 81 103 110 112 154 158 173 187 192 197 202 210 212 222 232 238 241 265 278 281 283
5 11 28 34 47 78 104 110 158 161 162 170 183 186 229 299
11 21 50 70 76 88 94 186 195 196 226 228 243 245 293 300
9 13 27 43 86 87 99 123 130 135 144 150 157 164 165 173 182 187 214 222 230 251 254 263 267
5 12 34 39 43 44 45 55 59 66 79 91 99 122 125 137 145 164 192 231 251 261 293
4 32 41 74 91 95 96 97 99 102 135 148 165 227 241 244 254 260 272 278 295
7 31 34 41 46 135 164 177 184 186 221 229 231 246 253 292
8 13 49 72 73 77 78 89 95 112 163 188 196 198 205 215 223
7 35 73 82 111 121 149 158 160 166 174 214 245 252 254 266
10 49 66 100 118 122 128 144 161 165 170 175 241 244 251 262 285 289 294 296
6 32 62 74 75 97 100 103 105 128 134 140 145 152 153 161 164 193 217 249 259 269 275
14 18 21 29 68 92 145 162 166 168 193 203 223 262 282 290 292
13 22 27 29 46 60 71 79 82 107 113 116 117 120 123 134 164 166 199 230 246 257 286
15 22 55 58 62 82 95 101 104 105 132 134 147 168 172 192 199 202 208 229 232 262 263
1 6 16 26 28 40 50 55 82 85 128 141 147 156 189 196 201 228 246 252 288 291
12 16 33 34 79 111 121 139 140 194 204 234 246 286 289 297
1 23 25 46 75 84 119 147 165 187 189 191 192 223 234 242 251 277 279 283 287 289
3 22 42 54 58 72 75 82 85 106 117 131 172 175 203 215 257 267 277 279 282 294 295
9 13 16 35 37 50 61 62 96 98 107 108 124 130 152 156 208 232 278
14 18 20 43 45 48 49 51 124 126 130 159 166 173 180 195 217 233 241 244 250 252 279
3 23 40 57 80 91 102 128 149 170 193 199 219 247 249
11 18 34 35 45 55 125 135 143 184 189 206 215 217 224 243 244 260 269 279 286
5 58 71 97 110 125 137 156 164 244 245 246 269 272 300
15 22 31 66 81 99 116 124 135 148 165 186 192 201 203 209 222 231 246 261 267
33 47 71 98 117 123 129 138 139 148 157 161 166 173 176 179 241 251 263 265 273 287 290 294
2 37 64 75 94 126 130 131 139 175 192 193 201 202 236 248 255 276 282 291
6 21 31 36 50 56 58 66 105 138 143 217 275 281 291
2 9 47 49 55 64 83 85 89 105 113 114 124 127 139 144 209 236 249 278 293
13 40 74 87 106 107 112 119 128 141 149 161 181 191 194 195 199 207 208 227 241 260
19 25 26 41 47 48 73 77 82 118 129 131 151 187 196 232 269 284
5 35 40 52 64 79 88 92 96 126 138 140 167 189 237 263 274 284
1 70 86 129 148 182 203 207 208 209 236 239 251 256 258 267 269 271 278 282 296
9 27 52 67 75 105 117 126 130 152 191 205 213 225 238 239 250
13 31 75 112 139 146 168 172 178 191 207 230 236 261 267 288
1 7 22 23 48 69 73 74 78 100 101 108 113 131 137 142 156 197 202 214 215 219 281 291 292
12 27 51 55 76 79 113 115 116 126 128 132 140 143 154 169 208 223 238 248 256 261 267 285
5 43 48 52 77 82 85 121 125 147 168 173 193 208 220 221 253 277
1 21 34 37 56 71 88 99 134 137 146 150 201 237 252 270
19 31 38 41 56 61 65 76 77 80 108 124 145 159 168 171 230 237
4 48 69 85 95 96 129 162 166 168 200 204 213 217 231 238 250 255 291
10 21 23 101 141 146 149 171 201 223 233 234 259 271 272 276 281
2 3 9 21 25 39 114 118 123 136 141 203 204 214 221 231 272 275 280
11 51 67 83 84 87 105 126 132 133 150 169 186 213 219 246
10 33 43 45 48 63 75 84 91 97 129 143 173 181 183 199 239 247 257 262 274 280
2 4 9 19 22 44 69 97 102 162 165 174 182 189 191 199 213 232 235 238 286 293
12 14 39 48 52 71 79 95 144 146 154 158 168 175 186 187 209 211 256 269 272
3 21 22 27 36 48 49 55 71 82 136 138 160 171 185 208 216 241 245 278 288
1 31 64 70 99 109 122 128 131 138 148 150 177 199 208 211 216 221 255 271 281 297
55 64 74 76 106 141 167 175 189 194 211 212 228 229 266
8 57 73 91 105 144 146 148 149 212 219 235 243 269 272
11 33 51 55 57 75 124 126 130 131 138 140 145 159 190 207 261 265 268 272 285 291 295
9 23 24 40 53 71 101 105 117 119 124 126 167 171 173 183 211 221 240 242 253 273 288 290
1 4 23 46 52 86 111 118 142 143 170 211 244 251 258 278 295 299
4 17 18 33 44 56 61 69 79 81 82 88 90 105 109 116 154 188 192 194 216 222 231 243 273
28 47 58 60 65 101 118 152 193 208 239 274 275 287 298
23 37 46 48 70 72 76 92 106 113 133 134 171 219 227 252 266 269 276 282
14 30 44 51 59 77 82 134 149 150 161 181 191 195 225 247 259 276
46 63 77 117 121 126 138 141 165 175 177 186 194 208 212 262 265 272 289
3 25 32 34 63 64 65 91 95 100 128 130 133 134 138 194 201 243 256 265 271 281 285
12 21 22 43 81 96 99 118 149 150 151 175 182 189 192 200 207 237 279
20 30 32 47 49 53 63 73 100 105 107 111 114 123 132 149 150 162 175 182 203 233 239 270
5 6 7 14 16 55 58 66 95 107 126 136 171 172 194 213 242 255 269 282 283
14 19 38 40 48 72 76 81 88 100 111 123 131 141 151 172 173 176 209 215 232 245 259
14 27 38 46 52 79 90 94 109 112 131 165 175 183 198 221 224 234 261 282 293
9 10 24 25 28 34 53 64 70 94 109 120 147 149 189 190 192 209 232 260 290 294 298
11 53 56 73 76 90 95 98 100 115 128 151 159 170 197 221 257 290 292 297
2 9 16 48 61 71 73 76 125 137 146 175 177 184 186 196 208 209 223 267 279 282 288 290
1 4 16 29 33 60 85 115 199 200 201 223 245 258 264
9 26 74 91 101 113 139 144 189 209 211 227 233 268 299
12 25 35 46 68 83 88 100 102 104 119 135 161 177 184 197 204 233 243 269 274 290
23 25 26 28 39 49 73 87 122 136 142 146 151 152 158 166 203 221 232 262 280 297
12 15 59 91 118 119 120 125 164 174 175 207 210 219 220 225 231 252 253 264 277 279 280 294
21 38 54 72 77 90 136 138 168 204 208 230 234 268 274 277 286 291 292 293
19 34 44 47 92 121 146 173 178 183 206 226 232 235 260 263 279 280 284
1 16 20 27 67 79 96 101 122 138 163 164 185 189 196 200 205 253 265 269 273 296
41 53 85 86 88 92 96 100 114 134 138 168 173 175 176 200 201 207 208 248 273 280 294 295
20 25 39 45 58 62 85 102 121 138 157 171 247 248 263 268 296 298
9 19 45 56 63 77 91 137 146 182 197 234 243 269 271
30 71 86 144 153 163 167 173 174 187 213 214 217 227 231 253 260 262 276 278 299
3 18 36 52 60 74 94 105 107 146 156 163 166 167 175 197 198 218 247 252 256 267 268 269 285
4 5 31 47 48 74 82 103 105 126 135 157 194 213 251 267 284
28 47 53 62 73 94 124 167 196 201 226 233 262 282 284
39 52 74 86 88 105 110 121 122 126 156 158 164 167 168 187 211 219 277 282 284 285 296 300
29 58 67 71 77 110 125 127 168 170 240 252 255 266 270 286 297
9 21 32 35 42 57 95 104 108 121 122 143 155 165 179 183 191 199 202 225 236 264 274 294
25 48 59 60 61 72 75 78 81 107 108 204 210 236 239 256
7 19 54 77 92 99 107 110 145 151 155 173 195 221 234 267 275 293
1 9 34 50 61 66 73 98 110 118 142 177 184 195 218 233 255 282 292 299
4 12 55 65 67 82 114 117 134 145 164 176 212 219 221 272
2 20 23 31 55 57 61 63 71 89 127 129 146 191 218 223 237 246 264 285
22 25 28 41 44 53 101 118 127 171 210 232 237 238 261
3 16 33 41 62 77 81 102 103 105 130 131 171 181 202 207 224 226 255 288 300
2 20 22 34 35 89 102 115 128 131 139 153 162 163 203 238 253 255 257 271 283 289 294
8 14 27 35 55 72 85 88 110 136 221 229 236 240 264 277
12 16 37 43 58 62 71 76 83 134 149 156 183 205 228 230 232 258 259 261 274 276 280 300
23 26 46 58 61 78 85 118 133 137 139 182 201 217 219 238 245 254 259 287 297 298
6 14 34 53 73 78 79 82 128 136 137 160 174 183 198 220 228 232 262 280 288
12 33 38 46 56 58 84 105 110 120 128 154 184 209 218 244
15 17 33 34 50 99 141 149 163 206 214 220 241 248 265 291
47 95 128 136 160 168 193 196 202 203 217 226 260 276 280 282 291 298
4 29 32 52 65 107 117 128 134 161 168 191 195 203 211 216 249 264 276 285 297
15 67 99 114 125 158 162 164 175 187 190 217 218 227 231 251 260 276 293
15 35 41 48 52 54 69 91 144 160 162 200 206 220 232 243 245
7 28 39 57 70 76 85 89 135 140 184 210 218 228 229 296
17 25 64 66 120 130 131 138 147 157 159 167 186 189 220 258 286
16 38 86 87 99 106 125 151 195 204 225 231 244 251 276 285
7 19 35 36 54 118 137 147 157 170 177 203 218 226 243 259 264
32 54 64 69 76 80 124 131 141 157 162 165 198 218 234 246 247 258 263 264 271 275 276 291 297
8 23 26 60 63 75 86 89 95 108 109 118 264 265 286 291 296
25 32 44 48 71 121 125 142 148 149 164 191 197 216 248 262 282 284
1 7 11 24 38 39 45 47 48 116 138 145 154 170 190 200 202 217 222 224 229 278
12 16 38 40 61 93 122 186 187 190 194 220 233 242 249 267 271 285 286 290 292
39 47 48 50 61 71 75 95 144 149 152 161 198 207 234 236 250 262 278 283
1 2 10 26 28 33 65 73 113 141 176 188 205 210 223 236 255 259 295 296
1 4 31 34 38 45 47 56 60 92 96 162 180 191 192 200 238 247 278 288 295
46 60 68 73 110 117 132 143 151 168 177 212 240 242 268 285 288 291 294
20 31 78 100 110 124 132 140 173 185 208 216 220 223 225 230 269 272 280
5 18 22 26 41 55 82 94 106 142 167 171 172 181 185 187 202 204 230 253 277 290
1 6 26 31 41 43 57 70 81 91 94 110 120 138 161 162 164 173 178 183 190 214 225 290
2 7 17 24 33 37 61 65 105 110 111 143 146 148 154 156 179 220 260 278 297
23 31 38 65 100 112 124 135 137 148 158 199 220 225 245 246 257 280 281 292 293
8 17 21 24 32 36 49 77 96 113 114 158 170 216 293 294 299
5 24 45 73 86 88 92 96 119 124 160 166 172 203 215 217 231 235 279 285 289 290
3 42 49 55 58 64 109 161 171 188 191 223 224 238 241 251 258 268 275 282 290 292 294
1 28 31 46 50 66 68 70 71 80 84 87 91 109 110 118 130 143 151 245 250 264 269 275 283
2 25 30 48 101 119 130 172 177 183 203 209 214 226 234 236 258
8 15 29 35 42 61 62 78 84 104 112 127 135 142 188 199 201 208 215 250 257 272 278 291
5 46 61 67 69 71 76 86 87 97 98 111 116 131 152 155 177 193 198 211 214 223 233 291
18 30 69 96 103 104 113 116 121 123 124 126 134 135 145 174 187 188 236 273 287
5 12 33 41 65 91 103 107 123 139 144 147 172 176 185 190 196 198 202 221 224 242 258 275 289
27 29 60 81 101 110 113 127 136 155 159 163 212 213 232 235 279 291 299
13 25 58 68 76 84 91 100 114 133 137 144 175 211 221 222 228 232 236 237 255 256 259 271 296
14 18 45 62 63 64 85 100 102 112 117 155 178 194 204 218 238 254 271 294
1 18 26 45 47 67 90 98 114 116 117 148 180 182 187 204 217 219 241 243 260 268
68 73 75 79 103 108 111 133 135 167 207 223 227 245 253 274
26 29 30 35 59 94 109 125 126 140 142 173 191 194 200 204 208 246 252 273
24 33 35 37 38 40 45 90 129 138 142 161 164 186 189 198 220 244 290 292
38 46 50 70 77 104 125 158 207 221 233 237 255 273 291 293
16 47 60 64 75 94 97 104 107 120 122 159 169 172 181 196 216 244 263 274 279 293 297
12 17 18 20 46 102 104 113 126 132 162 170 178 181 198 209 215 219 241
41 83 106 121 127 135 145 149 150 153 154 161 170 172 179 202 212 219 223 237 269 287 292
25 52 54 66 81 112 115 128 139 169 216 245 257 268 273 295 299
6 15 20 22 28 33 65 73 76 115 126 143 155 156 196 222 291
36 38 44 97 112 114 115 133 134 153 168 185 199 204 283 294
15 17 26 46 73 79 119 144 161 196 203 213 231 259 277 283 292 297 299
5 6 9 12 56 69 70 79 82 102 103 105 111 113 118 120 130 170 173 206 267 294
9 15 24 27 30 35 47 66 68 84 88 111 121 133 139 150 152 192 233 235 250 277 285 298
21 33 40 76 80 93 96 97 127 128 131 145 163 174 176 198 202 232 241 249 259 260 274 294 300
11 53 57 58 73 74 77 84 89 90 92 94 113 128 129 131 149 163 182 185 199 233 253 286
6 37 82 94 98 108 132 161 163 179 192 194 204 219 230 255 260
22 37 60 78 79 112 120 126 147 162 163 166 206 211 224 238 298
23 33 40 43 49 78 81 89 91 115 140 152 191 274 294
1 22 69 91 126 145 157 159 160 161 168 199 205 206 227 246 255 258 267 269 292
2 11 30 32 47 50 57 58 79 83 87 102 113 143 209 210 217 222 229 242 264 270 282 295
43 59 84 91 105 106 110 117 125 173 198 204 209 222 224 235 248 257 259 274 278 285
4 11 23 33 39 49 52 66 86 127 137 167 190 198 208 217 240 245 247 253 268 271 276 298
5 49 70 71 84 105 115 140 153 158 166 167 176 223 228 230 260 290 295 297
39 55 58 100 106 125 142 146 148 150 155 176 195 205 208 211 235 237 259 261 266 274 275 298
1 8 22 54 55 77 98 114 122 135 157 169 178 190 213 229 243 248 277 283 284 285 294
10 16 18 23 25 27 58 61 63 68 83 105 119 130 139 152 156 191 213 219 242 246 258 272
4 16 42 50 88 115 116 119 133 148 151 156 158 161 167 168 191 200 224 226 246 251 256 274 278
44 52 60 72 88 93 157 161 165 167 168 178 189 208 230 251 258 284 285 300
16 19 61 64 100 103 105 112 114 119 134 149 154 171 183 236 251 262 272 274 293 298
26 52 55 63 93 97 109 116 143 150 157 168 183 210 218 228 245 248 263 290
9 15 19 25 44 49 58 84 88 117 120 148 149 151 175 200 210 246 268 273 277 284 296 300
8 38 42 43 51 54 71 82 97 106 135 137 154 169 201 218 232 237 255 268 271 276 277 298
25 46 76 107 114 161 162 190 192 217 218 228 240 287 296 300
22 31 32 52 63 65 69 70 109 125 146 154 158 162 168 179 219 237 243 258 272 274 294
45 47 52 60 96 123 127 149 150 172 178 183 188 193 195 198 202 231 250 291 300
18 20 22 54 64 97 105 136 154 166 172 192 210 237 275 287
2 12 23 89 134 139 143 164 206 211 215 233 254 259 261 275 292 295
18 34 104 106 107 110 114 120 139 146 157 184 208 227 241 253 258 260 263 268 281
4 11 18 29 34 44 52 69 120 138 140 144 183 231 237 254 290
8 41 74 91 94 95 105 110 131 136 149 153 192 200 209 254 295
6 16 36 70 101 122 172 174 185 201 210 213 279 293 299
13 22 39 48 56 62 73 96 105 130 195 200 242 254 261 277 290
8 9 43 48 68 73 74 93 95 110 139 140 151 157 176 185 204 229 299
19 47 55 57 58 68 88 131 147 164 180 196 208 212 221 275 277 295 298 300
23 26 44 66 67 102 104 118 138 143 154 167 202 207 224 271 277 291 293
1 2 3 10 11 32 57 107 112 123 128 150 193 207 233 265 266 267 281 293
5 12 21 23 26 43 61 113 126 128 133 142 154 173 199 218 223 246 264 278 279 281
16 28 49 76 129 140 143 146 165 193 208 211 212 222 227 229 295 298
5 9 36 45 49 70 82 99 114 117 135 151 160 167 177 178 184 211 233 240 255 257 287
6 16 36 45 46 65 66 90 103 115 133 136 160 167 180 192 219 220 223 255 273 291
2 43 52 65 84 87 94 163 199 201 202 210 215 216 232 235 252 261 274 286
8 19 56 65 75 108 121 140 155 156 158 161 186 212 248 257 262 290
2 42 46 52 64 76 101 116 120 128 148 158 173 220 238 253 272 280 282
3 16 27 28 30 32 43 52 54 61 73 84 96 104 123 127 143 160 198 206 218 229 255 259 271
5 27 40 51 62 85 106 115 133 146 169 173 175 187 225 239 260 269 272 298
21 55 62 67 102 104 117 129 174 197 215 230 247 249 252 275 287
11 20 63 84 133 181 183 196 197 200 201 204 227 234 242 283 300
24 58 71 81 102 109 112 114 133 145 148 187 268 276 296
2 9 47 48 61 80 119 120 126 133 142 149 159 167 169 199 207 216 256 282
10 24 79 80 83 117 133 150 152 175 186 190 193 197 223 237
9 26 32 38 51 83 93 96 111 117 152 155 158 163 167 197 227 236 250 258 272 289
16 27 30 65 71 91 112 120 121 135 172 184 190 202 206 209 214 221 244 259 265 268 271
15 31 40 67 76 82 90 91 93 106 108 124 131 133 177 207 224 234 245 270
5 16 54 90 92 93 96 107 192 212 218 282 292 297 300
6 17 21 58 94 95 100 102 107 115 130 144 150 176 193 212 226 229 235 296 299
25 31 45 61 65 82 93 114 153 179 199 220 221 253 277 289 294
6 12 23 24 53 85 87 88 96 187 212 215 254 280 290
21 31 35 59 79 86 116 126 146 169 170 173 177 184 192
4 14 30 47 63 65 68 83 119 138 139 178 219 228 276 289 297
39 48 51 52 66 68 78 93 105 118 119 138 141 164 176 191 203 206 217 229 230 243 247 290
6 26 49 52 54 65 72 108 122 134 139 154 163 192 227 237 239 249 265 298
30 49 85 88 99 102 107 121 141 149 165 171 175 182 184 221 222 240 258 267 270 272 278 286
6 7 45 47 84 87 88 89 90 93 97 126 129 141 148 154 202 208 211 214 228 229 283 292 294
3 11 20 24 29 57 67 74 112 114 144 145 165 182 196 201 205 215 224 237 243 249 270 271
17 24 60 92 93 101 107 129 143 150 186 199 216 217 236 238 241 245 268
6 71 85 87 101 113 116 131 138 151 172 177 184 190 194 200 220 230 257 275 292 294
26 40 49 113 114 135 151 157 211 219 234 245 251 274 298
6 18 31 35 45 57 77 86 120 153 158 189 191 207 232 244 265 266 284 293 296
9 24 42 62 70 94 112 144 169 211 216 221 232 242 244 258 260 261 263 281 295
8 16 31 32 36 40 84 91 96 99 106 135 201 206 209 217 227 243 280 288 296 298
10 14 16 45 58 81 92 106 121 122 145 155 168 184 195 215 231 275 290
3 27 48 53 58 59 73 114 130 139 176 193 195 198 213 242 258 262 271 276 297 298
10 16 46 76 95 142 152 154 168 174 235 240 260 265 270 290 297
4 6 42 74 84 90 92 95 100 111 112 130 136 138 144 152 153 167 172 192 196 209 216 249 268
9 41 61 76 125 128 131 140 143 181 189 205 226 232 256 257 262 266 273 280 292
6 38 66 85 95 96 132 197 199 204 211 214 233 269 289
7 26 63 89 96 127 131 155 191 205 223 231 238 245 254 264 268 269 284 285
9 17 18 35 37 61 68 78 105 112 117 146 154 157 165 168 223 241 254 265 277 279 289 295
2 3 4 18 44 52 68 79 126 149 159 171 187 190 206 210 221 230 243 246 270 274 280 293
1 21 37 95 98 100 102 108 139 141 147 151 153 159 230 236 248 265 282 299
1 19 38 41 46 86 99 123 131 138 177 178 181 182 197 248 261 276 279 286
10 13 21 42 61 77 83 92 108 123 128 142 160 164 196 202 264 277 280
11 22 28 29 68 98 103 135 154 176 214 222 240 250 258 259 260 286
25 50 58 62 84 96 124 142 172 174 176 205 207 276 284 288
2 33 38 41 68 71 93 101 125 128 140 149 168 174 193 199 200 209 216 228 249 294 296
5 6 15 23 31 61 62 70 74 85 111 122 137 187 220 280
23 69 71 132 140 145 147 152 164 165 169 179 238 253 286
7 27 53 64 72 77 121 159 162 190 195 209 210 216 253 254 278
28 29 32 39 47 49 67 92 108 126 131 136 155 158 162 168 178 192 217 226 227 255 270 291 293
4 26 46 52 84 96 100 121 125 126 136 166 192 203 236 240 243 245 254 278 281 287 289
1 12 24 34 49 70 73 82 85 94 96 97 115 117 122 123 129 133 174 217 225 243 274 295
2 16 18 39 64 66 78 80 95 105 110 112 114 126 146 202 204 213 222 231 240 253 260
2 8 21 37 71 82 86 98 126 135 183 188 191 207 208 211 216 220 221 223 233 243 260 261 292
39 52 54 66 67 68 74 81 107 111 114 117 129 132 148 152 169 174 196 214 224 274 281 288 300
26 30 35 40 103 105 131 149 169 197 199 231 248 268 270 280 295
26 31 43 62 68 73 79 104 197 203 206 214 228 279 294
3 4 27 30 68 131 141 150 173 198 213 221 229 241 267 269 272
9 11 22 24 32 33 79 89 100 109 120 126 138 153 163 171 210 211 232 241 263
7 22 57 105 108 138 139 153 163 182 186 194 200 238 252 270 285
9 21 23 47 50 72 76 79 98 117 120 144 160 171 182 240 267 272 289
16 55 82 85 87 113 126 142 144 185 193 203 216 220 236 247 264 267 281 293
12 14 61 69 74 78 79 113 121 160 175 186 213 216 231 236 243 258 281 289 297
21 30 34 40 104 108 155 161 165 181 232 237 253 255 264 269 277 279 286 298 299
4 14 15 19 25 46 51 52 61 68 69 80 113 171 199 206 233 251 262 268 277 280 281 291
7 17 22 48 52 66 88 112 121 163 166 169 175 184 226 227 229 245 250 269
20 26 28 39 59 73 102 119 155 167 202 206 225 228 229 231 274 275 276 299
20 46 54 61 70 76 83 107 120 170 182 188 189 202 225 232 256 260 261 287 290 299
2 7 33 43 59 63 83 138 146 173 177 183 218 227 250 279 294
14 15 16 65 66 78 104 124 148 179 197 208 218 231 250 275 295 300
9 21 38 49 69 107 113 114 138 184 216 217 225 243 250 279 284
27 35 57 66 81 94 112 127 172 183 193 195 196 197 225 249 251 282 291 299 300
1 34 43 73 93 118 120 124 130 142 150 154 185 192 194 241 247 274 275 294 298
8 27 31 34 44 48 52 54 88 106 118 125 129 160 167 212 222 246 247 249 274 275 299
10 18 28 49 50 71 87 95 100 148 168 172 207 222 258
15 17 20 24 25 39 49 67 70 72 91 95 119 143 164 191 194
3 28 65 89 90 96 99 111 136 138 153 156 183 205 220 221 227 257 263 299
32 34 54 81 82 113 127 128 137 139 148 154 163 190 200 202 208 214 223 227 243 250 262 298
14 52 76 109 115 127 139 147 166 169 202 211 212 220 257 276 281 296
3 31 49 67 86 107 141 195 217 242 243 247 255 275 284
6 56 72 74 85 98 106 111 135 152 154 177 199 203 208 236 294 297 300
15 18 42 59 87 100 111 116 119 127 140 180 206 291 293 300
6 13 20 25 38 43 47 54 78 83 129 145 160 206 272 279 288 297
31 32 39 41 50 52 102 106 108 164 166 196 218 245 249 279 290
39 46 48 62 68 70 97 110 149 151 154 163 189 195 220 224 236 244 249 252 262 274 285
2 34 35 39 72 86 90 95 130 142 145 160 166 173 177 187 199 209 239 250 255 267 278 281 299
3 5 12 14 22 43 57 69 93 114 133 141 151 186 188 194 196 208 216 244 261
1 7 17 20 48 72 74 76 80 83 90 93 99 118 140 143 146 153 168 184 242 270 275 283 285
9 13 15 21 38 40 49 53 65 66 124 125 135 148 154 155 169 171 185 238 251 262 269 277 285
1 8 11 96 123 129 143 157 164 166 170 177 191 207 215 221 253 279 283 291 293 295
5 11 30 72 83 93 95 100 113 138 144 145 152 155 166 184 204 205 236 246 256 263 273 283
32 43 72 74 85 93 110 114 116 123 150 165 174 184 189 199 232 269 276
3 17 24 63 65 81 91 108 111 114 119 124 155 182 196 203 208 244 257 273
1 2 33 74 95 117 144 147 159 175 182 189 193 231 253 264 297
30 35 42 54 91 101 152 175 177 181 215 216 220 232 242 256
13 37 64 70 71 78 80 102 105 126 146 172 183 194 198 219 245 249 263 265 277 300
16 22 37 49 51 53 65 72 104 107 108 133 141 175 176 195 212 246 252 255 258 269 275 284 292
3 12 62 67 71 82 85 143 148 151 158 162 168 189 209 212 215 219 262 291 296 297
3 4 13 27 60 71 76 96 101 147 150 177 191 192 235 237 238 253 267 282 291
3 14 26 35 58 71 72 78 101 103 113 203 209 219 267
5 13 27 44 59 69 75 86 97 106 130 144 147 172 190 196 208 215 223 256 277 288 291
32 33 35 39 110 124 131 140 145 147 175 179 198 208 261
19 20 47 48 53 57 80 105 135 208 224 230 231 237 248 250 270 282 287
35 77 98 107 123 127 131 168 179 183 187 190 192 217 226 261 275 277 280 297
32 36 65 81 85 92 114 131 154 163 164 190 197 221 237 246 266 287
1 5 25 32 38 43 60 62 66 72 73 75 102 150 164 200 227 234 241 247 257 259
9 21 71 78 83 100 101 121 137 145 148 152 180 187 188 194 195 205 207 209 223 234 235 269
5 16 17 69 105 107 134 173 179 206 215 234 240 259 285 287 293
12 47 72 73 75 80 86 107 123 136 159 171 187 202 209 217 254 266 276
7 20 27 30 46 59 102 103 104 112 121 164 196 206 216 254 270
13 26 35 43 46 71 72 88 93 113 118 125 135 156 179 202 214 218 220 228 263 267 274 293
15 51 54 64 65 72 111 120 121 158 183 204 208 209 210 217 219 243 246 249 254 261 272 278
1 13 55 70 78 124 150 152 163 166 175 195 223 238 239 245 246 254 275 276 290 298 299
3 21 23 29 42 59 95 135 139 158 185 220 226 270 273 274
12 19 33 77 83 88 93 117 141 177 201 206 253 260 293
13 26 48 72 123 131 133 142 148 157 168 187 189 195 201 209 232 241 254 278 294
16 79 82 111 124 154 161 181 187 201 214 220 223 236 243 254 266 281
5 13 17 24 27 31 85 89 90 101 138 144 157 164 185 206 235 238 273 291
3 12 34 41 49 52 58 72 73 95 97 108 115 117 120 123 136 154 160 170 176 181 238 252 288
17 41 42 49 56 70 96 103 113 119 127 156 161 166 177 184 213 214 227 233 234 243 245 279 300
11 17 31 38 52 65 74 89 111 117 118 121 124 144 160 169 172 173 215 221 224 226 253 277
9 13 20 33 44 55 57 61 81 100 104 116 128 133 147 150 154 165 170 191 224 248 267 300
1 14 59 71 112 150 165 184 223 227 232 236 248 250 264 290
5 18 25 29 36 75 88 106 110 122 123 140 153 159 162 178 179 204 205 209 232 236 258 275
5 7 45 63 114 122 126 195 199 211 213 239 246 268 276 290
4 15 42 54 57 93 111 133 136 156 165 186 187 191 216 235 242 271 273 300
13 24 36 51 72 85 101 107 112 113 147 148 187 191 195 226 235 245 254 269 279
2 12 14 15 111 113 119 129 135 143 161 194 199 246 248 262 276 278 283 287 290
42 49 64 66 75 81 88 144 194 232 246 263 266 279 297
5 30 49 53 55 57 64 70 83 143 146 162 172 183 210 214 230 245 252 265 274 280 284 298
7 25 28 40 59 86 107 109 201 219 256 270 272 294 298 300
29 84 116 121 125 152 159 171 175 183 191 216 244 258 265
20 35 51 55 63 92 94 95 97 107 120 131 133 134 166 184 203 208 216 253 278 285 286 293
15 33 35 48 56 62 70 91 97 99 106 111 116 169 206 215 220 232 236 241 245 246 248 261
4 16 47 61 80 81 87 126 138 139 144 152 158 180 189 211 225 264 284
14 19 29 37 39 86 89 90 92 93 103 124 137 163 164 196 197 198 217 222 246 261 292 296 299
20 53 69 90 91 107 118 122 128 131 132 146 148 186 190 196 197 223 224 242 260 270 288
3 20 23 50 64 70 104 108 133 141 166 168 169 175 208 235 241 268 282
1 14 27 42 43 44 53 111 134 167 173 174 184 201 215 222 226 230 246 269 300
24 37 70 92 118 136 160 172 176 210 223 242 249 288 296
27 37 101 126 128 148 155 166 193 198 209 211 263 264 265 287 294
25 27 76 100 109 111 130 133 145 156 168 180 193 194 199 207 213 217 236 244 261 269
22 71 98 123 126 136 140 147 161 172 182 192 201 228 229 251 254 258 261 276 284
17 18 24 30 31 77 107 124 135 143 149 176 183 191 204 210 260 293
31 36 40 41 42 126 158 161 186 205 216 257 291 293 300
1 9 35 69 76 85 119 120 142 144 176 189 191 192 197 205 207 211 237 250 270 281 299
2 53 66 86 97 130 134 135 145 154 155 168 174 233 234 257
5 40 41 47 49 73 97 101 105 108 137 155 163 179 182 188 192 215 246 259 264 274
22 29 47 50 92 106 111 113 160 177 193 236 273 276 281 293
33 45 46 47 53 80 89 99 101 128 152 161 206 242 264
29 51 62 73 79 95 122 137 156 157 161 164 167 175 185 209 214 222 234 282 286
16 43 45 65 73 75 78 88 100 139 183 196 206 214 255 256 258 271 275 292 294
12 23 46 63 75 76 96 98 131 152 170 172 180 238 263 265 285
12 19 43 49 69 105 113 132 133 169 170 182 200 201 221 224 252 258 259 261 264 272 287 300
8 9 25 38 41 63 87 107 110 126 132 133 149 158 166 169 186 229 236 261 267 287 289 292 296
1 22 57 79 82 85 96 108 112 126 189 192 224 262 270 274 275
33 41 42 45 76 82 103 119 141 142 150 166 169 172 177 183 235 245 251 258 270 276
5 20 26 32 44 57 80 89 95 99 106 168 180 203 244 259 290 295
3 5 37 101 105 113 124 141 154 171 192 205 225 270 284
22 25 33 44 55 70 71 79 88 106 154 171 179 187 203 210 228 254 257 272 294
2 12 34 36 43 52 79 176 190 192 203 229 234 247 248 259 288 289 292
10 19 53 90 108 114 135 156 157 164 167 173 186 211 222 242 247 253 275 289 299
37 54 69 89 115 124 131 135 139 173 176 181 188 206 240 248 250 257 275
1 10 23 51 53 61 80 86 100 110 123 135 154 155 186 207 210 211 228 239 257 272
10 14 16 19 21 40 52 54 63 98 179 199 225 236 237
24 30 102 123 128 181 183 189 206 209 218 220 228 250 251 270 282 300
6 12 27 33 79 101 116 117 138 161 187 200 208 212 224 227 234 246 267 288 291
39 43 56 76 82 86 136 157 164 166 171 194 202 251 280 291 300
10 30 52 74 97 106 111 155 174 196 220 228 231 262 263 275 277 283
1 6 24 56 74 122 150 194 203 216 223 239 240 247 248 261 279 294
11 17 19 43 56 83 119 129 132 153 166 169 199 206 220 240 290 292
2 6 13 35 58 61 71 72 88 90 127 128 142 171 175 204 206 217 237 262 282 293
7 14 25 42 45 46 63 78 84 97 112 113 126 156 170 177 189 247 263 279 290 293 297 299
5 32 60 115 123 133 144 159 198 199 207 224 230 233 235 238 286 287
1 11 23 48 60 84 112 136 144 149 155 156 175 177 199 225 248 256 274 278
6 13 78 86 94 105 108 133 138 152 173 179 195 199 209 214 223 234 260 271 290 296 297
17 29 64 67 86 89 96 104 123 148 184 209 215 225 277 284
2 47 67 70 72 98 117 125 157 166 175 176 177 201 205 225 247 259 276
4 16 68 74 127 155 166 171 187 204 211 218 228 229 246 272 279 282 286
40 58 59 81 82 89 104 129 154 159 186 201 210 219 243 248 255 266 269 290 291 296
10 27 29 35 51 68 71 88 118 130 138 142 164 183 208 213 230 239 256 272 293
4 23 39 49 52 55 68 69 79 118 138 176 187 206 222 236 248 249 255 257 273 290
10 40 43 57 64 82 85 94 109 122 145 154 155 159 166 172 191 211 220 228 236 239 240 288 299
10 23 25 57 65 81 85 115 116 139 151 152 158 173 186 193 208 242 244 266 274 293
28 31 34 44 52 56 59 76 94 95 124 133 138 160 171 203 236 239
11 43 84 86 87 121 128 155 166 167 181 207 213 214 221 239 245 247
10 27 32 64 74 91 94 101 109 116 119 128 138 142 146 157 164 187 205 206 222 227 253 293 295
15 23 25 29 38 46 50 65 68 81 98 118 124 128 166 168 178 183 188 192 205 235 250 276 292
11 36 57 63 115 128 131 159 161 171 177 179 184 201 241 255
1 5 22 29 38 40 68 79 122 149 161 162 184 198 216 224 229 235 236 257 288
46 59 125 144 181 198 201 209 216 243 261 268 271 275 285
10 58 80 99 108 115 145 149 181 216 230 235 239 265 284
19 36 41 44 52 105 134 135 173 191 195 199 211 214 223 231 237 247 252 264 270 288 289
7 10 30 51 53 56 71 74 79 83 103 124 135 145 191 192 194 213 247 254 281 286
10 15 16 31 41 55 81 113 115 116 128 143 150 158 161 225 252 270 298
20 41 53 67 95 115 147 185 189 191 196 232 240 266 289
18 43 72 100 142 151 168 196 201 214 243 249 250 270 284 286 299
4 17 22 38 57 63 79 116 128 135 154 188 195 210 273 294
24 33 36 41 48 102 109 113 135 144 149 156 210 249 265 283 287
1 12 25 36 52 54 102 109 135 140 141 152 162 182 198 200 233 235 258 270 294
3 9 34 37 46 86 96 115 120 148 154 180 198 202 208 219 231 285
3 7 13 28 36 37 55 127 130 140 154 194 205 208 228 234 238 240 261 265 266 288 299
83 117 118 119 120 144 156 172 176 183 192 209 217 230 266 290
54 58 78 80 101 111 121 140 156 169 179 193 219 233 234 245 254 260 270 287 291
13 61 63 65 70 97 118 135 164 174 190 199 202 237 245 286
4 13 25 28 29 65 78 89 165 169 186 200 203 204 277 299
1 25 27 45 72 99 119 156 193 208 245 263 272 285 288 294
11 37 42 63 65 70 71 72 110 148 204 211 247 270 272 281
8 35 53 72 76 77 90 92 116 117 124 125 141 176 195 206 223 233 237 274 293 296
13 24 29 44 86 114 132 163 165 171 179 199 219 246 247 256 267 272 288
4 35 38 44 75 90 101 117 131 138 162 164 177 178 184 232 234 240 251 289 291 293 297
21 43 57 72 75 86 88 104 115 118 130 149 181 219 226 239 242 262 268 269 279 287 296
7 10 17 25 42 59 66 89 107 132 156 187 220 263 276
5 16 58 59 64 73 105 114 157 198 203 213 217 219 223 242 286 287 294 295
2 4 10 50 51 61 63 67 84 88 100 152 163 169 170 184 191 209 213 265 294
21 24 43 45 55 60 82 91 93 102 114 142 164 167 169 187 206 223 228 229 238 260 276 279 283
10 24 46 54 55 74 93 97 115 129 157 165 167 170 181 209 211 227 228 230 240 254 281 289
4 54 55 60 65 117 127 144 169 200 239 246 254 260 265 293 296
3 5 23 27 54 57 121 122 125 130 133 142 146 153 159 161 203 237 240 241 255 280 292 295 299
37 115 161 169 187 194 214 220 231 237 245 255 260 283 294
2 7 14 67 77 81 97 98 99 102 112 121 145 162 165 175 199 210 252 257 261 274 284 298 299
18 19 21 22 38 59 77 100 125 129 159 161 177 183 189 211 215 232 241 300
3 14 77 87 122 128 132 146 152 166 181 187 190 198 215 278 286
9 12 15 19 32 54 73 77 92 95 126 135 173 192 194 205 206 211 218 228 235 267 289 290
2 13 22 29 38 44 58 65 75 76 81 82 89 115 120 173 194 214 228 238 246 262 287 296
7 10 71 80 132 136 139 166 188 210 213 214 215 219 226 252 258 291 297
32 37 70 76 79 80 132 157 194 205 206 233 257 263 264 268 280
10 11 33 43 44 64 69 74 90 98 122 134 135 139 185 189 192 205 239 269 285 286 296 299
1 7 15 18 27 28 35 43 47 55 91 168 186 191 212 241 255 285 293
21 29 43 58 78 85 86 109 118 131 133 145 146 150 159 165 171 178 179 188 197 208 217 226 232
18 30 41 109 140 141 153 173 186 201 258 261 264 265 267
30 37 40 47 60 85 114 129 165 191 211 218 262 266 274 284
5 33 53 69 73 80 84 145 152 170 172 178 241 248 254 265 280 281 295
25 36 74 93 133 139 143 151 169 170 177 217 220 229 232 233 237 241 258 263 266 269 278
32 36 61 68 70 123 125 147 151 179 185 206 209 210 217 239 246 271 284
8 33 35 40 54 67 83 96 97 108 146 153 181 212 215 234 250 252 275 277 279 286
19 22 23 41 79 81 90 125 140 147 159 162 169 196 200 222 230 257 270 273 275 277 300
4 15 41 74 77 94 96 114 116 117 125 137 138 174 194 209 225 230 237 242 248 259 271 275 288
12 20 22 54 65 79 84 88 115 131 149 151 160 170 173 176 177 211 213 230 231 235 267 282 297
6 15 83 84 123 135 146 161 170 181 217 225 239 274 279 299
28 39 47 74 115 124 127 165 183 193 218 256 259 279 281 282
14 43 69 123 152 166 175 176 181 188 189 190 199 221 227 237 254 289 291 292 298
14 21 31 35 48 50 70 77 95 104 105 135 152 154 161 164 192 198 238 243 252
20 46 47 85 91 129 163 182 186 245 283 291 293 295 299
36 91 104 105 110 120 135 155 188 213 219 222 237 243 258 280
26 36 56 60 81 97 155 185 195 212 270 271 280 285 294 295 297
6 16 19 44 48 58 59 112 123 149 165 246 248 260 281 289
14 16 29 39 40 48 61 78 79 101 107 116 162 184 194 202 226 236 255 258
5 14 15 16 25 31 34 56 94 102 111 128 141 153 163 208 216 253 254 268 287 297
13 58 59 85 106 109 110 121 160 162 183 216 220 254 266 278 281 288 295
20 46 55 63 67 87 117 134 171 177 184 205 227 235 247 252 263 295
12 39 46 86 90 119 127 131 133 139 171 174 175 180 195 204 205 256 257 260 265
29 51 65 107 113 119 137 167 189 193 200 228 242 268 272 274 298
8 18 89 97 124 129 140 141 216 238 243 250 271 288 293
4 7 35 58 67 87 95 105 139 146 157 164 176 182 213 223 229 237 244 257 297 300
21 39 47 77 87 89 104 110 123 126 139 145 148 155 161 180 248 274 278 287 290
2 20 31 38 39 42 53 60 62 124 131 132 143 154 196 206 214 250 259 268 296 299
16 29 45 49 62 76 81 89 125 172 175 241 282 285 287
1 5 8 11 24 32 33 56 69 97 126 158 185 207 210 214 223 229 236 242 250 263 267 271 272
2 46 53 69 83 139 142 163 180 185 203 219 227 229 242 245 256 258 262 296
17 21 45 76 77 117 133 140 172 176 196 222 237 239 264
53 67 70 72 77 82 91 96 100 107 112 113 119 133 173 182 205 223 239 253 255 267 273 297
7 9 43 52 59 66 113 138 152 185 191 198 216 226 238 245 250 269 277 281 293
12 20 42 49 68 85 105 109 110 112 114 122 135 191 192 216 234 240 262 266 270 285 293 298
1 46 53 76 79 87 95 119 124 152 159 167 172 181 196 206 227 241 271 290
9 75 86 88 96 105 114 146 180 193 195 200 232 237 240 259
12 30 47 102 144 156 159 183 186 212 221 230 241 248 264 286 293
16 30 45 67 98 110 120 156 167 170 177 200 224 226 227 231 257 277 278 282 284 294
3 17 33 53 58 85 91 96 114 119 121 129 136 153 169 183 184 200 208 232 259 267 271 280
1 22 23 36 63 68 111 114 155 161 180 191 206 210 213 258 267 279 283 289
19 29 42 47 49 60 62 98 114 152 173 183 192 198 206 211 225 257 273 291 295 296 297
22 27 38 39 70 72 84 100 110 136 144 181 186 242 245 254 289 296
25 31 33 38 42 48 57 61 63 68 87 101 114 118 163 220 221 252 278 284
4 16 25 26 34 46 53 56 63 73 84 112 141 148 177 184 208 217 266 281 293
18 68 113 135 171 175 179 204 212 222 234 257 280 286 293
8 23 44 50 64 69 72 100 147 148 151 164 177 193 200 201 206 208 233 241 254 266 269 274 299
1 18 23 33 45 68 76 78 81 92 104 106 141 152 165 166 175 187 200 252 255 267
4 16 39 44 56 64 65 76 77 101 114 116 118 125 133 136 139 142 144 148 249 263 276 297
66 84 110 112 145 154 171 177 178 186 210 214 223 232 238 243 258 259 266
4 23 82 96 118 135 173 188 194 195 204 223 226 242 243 262 270 273 284
2 8 18 42 43 49 63 66 113 132 135 143 147 152 199 203 247
13 15 24 48 85 106 116 151 155 183 187 212 222 231 240 255 278 283 298
8 21 24 61 83 86 96 106 108 110 118 136 149 160 165 225 231 286 299
62 66 69 80 83 85 93 109 134 213 226 247 258 276 282 285 298
47 49 51 58 61 79 93 94 104 106 119 130 134 136 142 159 175 180 181 222 267 288 297
38 54 91 100 102 107 127 173 202 205 210 237 251 255 256 294 296
1 7 15 17 39 42 49 55 59 67 92 99 103 115 153 158 172 187 208 222 251 252 270
14 19 24 46 61 89 93 100 115 119 157 176 196 199 202 222 232 233 235 237 247 272 294 300
3 18 33 94 103 175 176 178 209 212 216 218 243 261 269 275 282 283
13 19 41 67 123 130 133 136 141 164 172 179 182 198 199 202 227 228 266 299
4 15 22 62 96 97 102 111 114 118 127 142 156 191 192 195 207 209 244 269 273 274 298
11 20 28 36 46 58 70 76 92 101 112 127 136 137 146 172 202 219 222 224 243 249 251 293 295
15 17 31 44 94 96 172 177 207 210 222 240 241 247 271
5 6 16 21 23 34 53 61 107 128 137 153 172 187 208 211 219 229 251 256 257 259 267 297
43 61 97 126 132 137 167 200 220 232 253 258 260 266 284
11 20 28 64 67 80 82 85 101 106 113 126 136 181 184 186 196 205 206 217
17 20 29 41 64 65 66 72 103 122 153 155 178 197 265 271 272 273 291
51 68 71 95 97 141 176 182 186 187 215 224 240 259 264 270 271
14 16 22 59 70 122 131 145 148 149 167 171 209 228 262 263 284 293 300
9 20 32 61 65 76 93 112 128 140 146 148 159 170 187 190 191 230 241 248 253 255 264 281 295
26 29 33 53 58 76 102 104 142 145 174 185 189 204 248 252 255
4 16 27 28 41 46 47 48 82 103 151 155 165 169 183 190 213 214 242 243 248 258 261 287 298
2 17 22 23 25 83 89 95 98 105 112 121 122 125 146 208 222 256 279 293
16 48 77 96 132 141 143 150 151 154 158 208 212 223 238 247 263 287
48 74 101 112 128 132 143 157 160 168 170 172 197 207 224 292
27 28 33 70 71 72 75 94 96 107 116 118 125 137 139 197 199 240 249 252 286 287 296
2 19 28 35 55 68 85 99 110 115 129 131 134 136 173 181 182 189 203 211 213 218 223 240 246
25 50 66 96 97 105 107 135 143 211 217 244 251 257 281 289
4 10 11 23 49 58 64 68 93 100 111 149 160 163 171 180 186 188 209 220 243 246 248 258
12 23 45 72 75 77 90 104 114 129 167 170 174 183 206 212 215 216 233 234 262
9 47 93 97 104 118 119 124 140 187 190 197 233 268 272 295
13 17 18 26 34 36 51 57 74 98 114 156 157 162 166 170 172 259 271 279 294
6 32 48 50 56 57 76 87 95 109 115 139 175 192 194 195 226 230 233 237 241 271 277 283 290
4 7 11 23 77 93 104 132 134 152 154 172 180 182 189 196 198 201 240 241 255 293 296
2 13 26 35 70 87 101 143 177 208 224 237 240 256 269 271 285 293
19 23 58 62 77 86 90 104 105 123 145 163 181 182 186 189 200 206 236 272 289 292
19 32 42 64 75 91 103 111 121 131 158 180 191 195 198 219 241 275 282 297
28 59 64 70 81 88 92 96 119 121 130 142 169 170 192 207 217 246 252 259 282 286
38 41 65 105 109 154 155 162 164 167 235 247 248 254 289
3 9 52 96 101 103 132 162 167 181 194 205 209 214 231 236 267 275 294 296
40 52 59 80 108 110 126 158 165 190 213 230 258 259 271 280
2 3 43 64 74 84 87 92 119 127 128 129 146 175 200 214 228 251 292
1 35 39 44 55 56 69 85 88 91 98 133 150 173 174 197 201 205 250 264
31 44 51 53 60 82 88 91 92 145 156 169 192 225 243 281 283 290 293 300
22 27 78 153 155 158 187 201 207 224 231 258 260 263 267 279
14 32 49 51 53 59 71 77 88 94 98 112 121 149 162 184 207 265 274 287
16 21 27 39 69 92 102 155 160 174 198 203 218 219 226 230 241 243 250 253 256 275 277
11 53 86 87 92 95 98 99 107 113 120 164 196 219 223 236 249 262 265 273 282 283 285 296 298
2 4 6 37 65 102 122 145 153 167 178 192 194 205 213 214 234 246 254 259 280 283 286 290 296
6 16 21 34 55 69 73 118 122 129 134 159 172 176 183 206 211 215 220 239 250 252 255 258
9 28 37 45 54 83 106 112 123 124 126 133 157 163 172 207 217 222 255 258 274 298
6 11 33 66 95 97 99 108 110 131 144 145 160 229 241 245 254 273 282 291 294
33 40 44 66 67 110 112 119 183 190 194 217 225 233 238 244 246 251 252 255 257 268 284 287 299
17 21 55 72 98 99 121 123 127 143 157 160 164 167 170 179 186 201 207 249 262 277 292 299
5 12 17 19 20 55 70 72 85 142 145 212 231 234 240 258 265 270 276
31 65 77 132 133 140 150 154 213 215 222 241 255 268 281 289
12 30 31 52 63 74 83 110 117 132 134 145 146 207 217 227 238 240 248 257 263 271 272 290 294
6 14 15 35 38 47 56 59 64 71 80 106 108 133 152 162 170 173 195 241 251
44 56 64 73 108 139 141 160 161 162 169 210 212 225 274 293
15 16 24 29 88 106 118 162 171 173 178 179 190 254 261 262 266 285
5 18 25 28 70 126 136 145 153 157 198 200 219 223 262 273 280 290 291
16 23 31 48 54 70 73 74 81 102 114 130 152 182 185 204 223 226 240 245 289 294
55 56 60 68 74 89 99 118 135 136 148 157 173 182 213 225 230 234 253 260 271 292
4 9 20 41 63 68 70 83 87 150 174 180 183 227 245 259 270 273
1 7 22 35 41 62 71 85 96 100 111 129 132 176 177 185 195 196 198 226 251 255 268 292
1 10 14 15 27 31 77 78 82 89 175 192 211 233 242 265 270 279 288
2 7 8 16 30 35 59 86 87 101 102 145 173 180 185 223 229 236 238 239 265 270 276 283
21 24 54 55 64 66 69 75 92 116 133 139 148 150 158 166 174 202 206 220 229 257 277 284
28 39 45 47 78 121 139 149 162 203 220 224 229 230 231 235 259 273 276 297
26 35 72 92 103 113 177 192 200 202 222 229 248 261 297
1 4 11 59 73 93 109 120 157 171 175 179 189 195 199 209 252 260 276 277 295 298
13 17 23 27 41 51 123 127 140 143 194 219 228 250 256
4 35 63 77 88 120 131 141 149 155 158 167 186 192 220 224 251 256 257 260 269 277
4 37 57 71 109 133 137 140 149 180 187 215 233 238 248 262
5 24 65 72 95 129 160 165 169 176 181 191 198 202 206 222 224 243 247 257 288
18 20 29 32 45 46 72 84 98 100 104 119 126 127 132 142 157 195 213 222 246 270 279 291 300
38 46 103 105 124 127 163 169 179 204 218 222 232 234 257 278 280 293
60 71 87 101 136 146 157 186 202 216 218 221 235 241 249 269 275
5 19 22 39 49 52 64 66 78 82 88 94 97 139 141 157 173 181 188 196 201 214 233 277 293
3 8 13 26 28 72 95 98 104 109 127 136 139 144 153 155 178 189 239 250 264 290 300
50 55 66 92 93 112 127 137 148 174 200 209 220 240 296 298
23 36 57 58 68 76 93 97 111 114 125 148 178 227 229 231 243 259 290 291
4 29 48 76 77 81 83 108 111 129 130 137 149 201 202 215 238 289
8 23 31 72 109 146 170 176 190 207 217 218 229 244 264
34 35 56 62 103 105 146 152 161 171 172 184 185 188 198 203 211 212 239 254 256 264 271 290 292
24 30 36 40 67 74 95 102 110 118 140 146 158 204 212 220 233 242 249 280
13 14 28 102 109 134 151 169 207 222 235 236 240 256 276 280 286
9 74 75 82 85 93 95 108 126 156 168 172 183 194 195 212 219 230 245 250 272 277 290 293 297
10 25 43 45 87 117 118 126 129 131 140 154 166 185 214 219 242 267 268 277 288
4 15 16 40 50 51 78 79 82 93 111 124 187 188 198 257 297
3 4 8 10 41 51 54 94 126 164 179 205 234 249 295 298
6 17 24 28 30 59 60 69 73 96 131 156 223 232 239 248 253 273 283
22 46 51 58 72 76 83 84 96 113 120 180 185 197 231 280
4 9 21 43 50 70 87 88 92 97 120 132 154 164 171 174 204 211 222 227 248 260 294
4 13 21 26 44 84 86 117 119 125 140 151 165 168 174 202 227 231 233 255 262 287
26 34 40 46 140 181 202 224 226 236 241 244 262 277 285 291
15 20 32 37 50 52 64 67 79 138 141 172 174 205 206 209 214 225 238 248 256 290 291 300
9 16 84 88 90 94 98 111 121 125 131 138 174 185 235 242 243 256 258 269 273 285 289 295
2 29 31 48 54 60 69 81 100 116 121 126 135 139 160 192 200 204 211 218
40 42 44 54 76 86 136 139 148 149 151 171 174 240 245 284 291 295
2 32 39 61 62 89 105 110 113 123 130 134 162 166 185 189 192 226 227 238 254 271 292
7 14 25 33 37 53 59 76 106 125 138 159 194 200 212 213 216 218 229
31 41 58 69 85 89 96 117 201 213 247 262 278 284 286
8 35 44 70 87 115 127 132 139 143 147 201 217 244 251 274
9 15 21 52 53 88 107 112 118 140 160 161 175 189 200 223 228 241 245 256 274 275 295
12 30 42 45 46 54 67 71 85 88 143 147 149 160 177 195 200 257 270 299
27 39 43 80 81 87 88 90 115 130 141 149 167 170 181 215 235 246 249 252 283 287
36 74 83 104 114 127 145 146 164 171 175 193 213 241 247 279 289
22 25 32 34 44 45 53 97 104 112 119 126 128 145 147 150 155 179 192 196 197 247 259 260 271
26 30 56 57 72 104 105 106 107 129 153 160 162 170 179 183 184 191 196 259 294
55 64 81 145 147 153 157 164 198 216 224 226 245 260 288
58 81 83 93 106 118 136 185 192 233 237 260 272 275 280
4 16 38 74 80 87 122 129 133 142 151 153 156 161 165 188 190 193 202 222 254 270 276 300
7 17 22 40 45 51 55 66 114 124 128 139 153 212 217 237 248 250 254
23 36 42 57 123 129 155 167 178 184 187 199 213 214 216 240 261 267 287 290 299
30 44 83 102 115 156 160 178 199 210 218 231 247 249 260 270 284 286 291 293 297
3 7 9 47 77 89 97 99 106 116 125 178 179 186 199 212 214 216 218 239 241 258 269 293
2 7 35 42 60 66 72 78 118 125 169 175 212 220 259 264 277 286 288 299
6 16 26 82 89 99 103 127 143 144 168 173 213 252 264 298
25 28 32 35 37 65 78 128 146 150 169 183 190 204 207 233 234 257 278 285
13 56 68 69 98 132 135 138 152 157 164 168 199 288 289 291 298
8 16 45 55 60 73 79 97 107 118 146 168 178 187 197 205 210 213 228 236 264 288 289 297
1 2 52 115 129 147 152 167 178 186 193 208 216 236 248 252 258 297
26 30 49 64 66 70 83 91 109 162 170 182 215 217 220 258 265 274
108 119 125 132 145 159 164 201 206 226 231 255 260 266 294
8 19 22 33 35 45 54 72 86 90 93 101 117 130 145 151 154 161 181 184 230 278 290 296 299
3 5 11 41 52 63 83 86 93 100 101 105 123 125 159 179 196 198 209 230 242 262 271 287 292
7 18 57 87 90 96 108 122 137 166 184 194 214 225 242 247 251 258 272
25 39 53 54 58 72 75 119 128 162 164 166 177 188 215 220 222 236 244 267 273 279 294
28 40 71 78 104 106 124 126 143 154 163 165 173 174 185 193 232 241 277 296
13 50 63 80 92 93 95 97 108 111 129 143 177 194 212 214 228 237 241 247 270 285 287 293 297
2 15 27 44 78 82 98 104 116 119 134 156 168 178 206 221 244 259
11 26 88 90 91 108 110 149 150 153 161 186 198 203 209 225 240 267 269 275 276 279 296
18 32 49 51 74 92 114 118 121 131 141 163 186 193 199 211 221 269
4 10 13 23 31 38 54 55 69 94 103 135 143 152 160 172 195 200 215 227 262
8 13 14 16 49 87 88 125 130 178 192 218 223 228 238 265
2 3 24 25 37 57 62 72 81 86 92 93 168 172 182 183 201 214 221 226 260 261 281 282
10 14 24 50 66 80 98 108 116 119 126 131 132 137 148 182 183 202 211 247 268 269 285 288 300
6 16 103 107 132 142 143 151 169 183 194 202 203 208 246 250 259 271 272
3 10 27 60 68 71 111 112 127 145 149 157 169 187 192 203 206 215 221 226 248 287 288 298 300
16 44 48 93 97 122 131 149 156 178 240 251 268 276 287
11 17 27 49 50 103 106 120 129 151 173 176 198 206 231 241 246 266 278 295 298
17 36 57 61 75 93 119 127 136 158 170 198 211 215 226 231 237 260 276 285
12 32 52 64 99 105 110 117 131 143 150 165 172 179 189 207 214 223 234 239 253 272 281 287 290
59 77 79 100 106 133 137 142 165 188 192 209 211 229 233 246 249 261 295
2 11 24 31 32 51 55 62 81 100 103 115 132 149 151 166 180 194 206 210 244 286
18 52 70 74 86 108 151 179 204 209 225 237 250 263 281
11 16 17 23 29 34 48 56 70 80 81 95 105 116 122 132 164 180 201 202 222 224 242
17 57 60 69 96 115 152 171 183 191 194 198 210 228 232 266 286 287
13 18 33 45 78 89 96 127 161 163 172 178 186 188 197 204 205 221 223 229 248 280 288 299
2 21 49 55 56 66 73 77 78 86 128 134 139 172 221 227 231 262 271 299
5 7 8 9 10 13 18 22 58 62 99 111 128 138 145 166 169 175 261 264 267 278 280 284
27 59 74 77 82 98 133 137 178 204 217 221 230 235 259 261 269 287 290
12 21 30 50 52 109 121 139 147 149 156 177 181 182 203 204 252 257 263 292 295
7 19 61 73 103 113 126 129 139 143 160 165 166 186 187 189 204 243 251 259 264 266 279 296
10 14 17 42 46 67 69 83 115 137 147 152 174 177 186 198 216 233 241 255 264 288 289 293
1 10 27 32 41 44 50 70 89 97 114 118 127 129 152 178 202 229 240 241 244 261 280 283 286
9 18 91 98 117 118 127 147 153 170 189 194 203 237 251 259 272 274 278 287 299
34 35 41 59 70 111 116 149 167 168 172 211 213 223 225 228 232 265 267 269 287 292 294 300
11 12 16 23 30 44 50 64 92 94 131 164 203 209 214 259 282
23 33 59 64 66 80 81 90 93 94 102 140 151 153 170 177 179 202 217 234 238 248 265
1 16 19 39 44 47 48 78 94 132 136 140 202 212 236 241 243 245 247 255 262 296
29 37 48 91 94 115 138 153 198 213 237 243 256 268 287
9 20 28 29 32 33 40 61 75 103 112 133 154 164 173 184 200 202 206 229 237 257 262 299
5 19 26 46 50 54 66 94 100 109 112 127 150 167 197 201 243 245 261 282 293 294 300
3 14 67 76 78 80 81 91 100 113 115 166 186 189 224 252 280 281 285 286
6 7 14 26 53 57 63 78 126 159 162 174 180 181 207 246 267 270 277 278 280 282
39 59 76 80 88 102 118 120 142 154 210 221 227 228 246 258 294 296
9 39 48 59 84 119 121 139 153 163 182 194 200 210 219 224 225 231 249 250 273 286 289 293 298
38 41 42 73 81 114 122 141 143 190 197 225 228 234 245 248 260 264 281
17 29 35 53 65 69 95 97 115 120 127 142 146 149 156 166 173 187 209 210 241 291 293
6 14 25 29 75 98 113 127 167 172 198 211 218 224 234 239 241 244 256 258 264 292 298
35 41 62 85 105 156 164 171 180 218 227 235 256 283 300
13 18 43 73 101 112 174 179 187 190 201 224 233 245 268
2 19 44 53 58 80 88 99 115 124 148 159 219 231 243 246 286 290 292 294
2 7 21 52 67 92 125 149 151 164 168 169 182 183 227 230 247 258 273 289
8 9 45 46 59 60 61 119 126 146 176 188 195 196 208 220 224 268 297
21 72 85 109 112 116 124 150 156 167 171 179 186 202 207 224 250 260 288
10 18 54 85 109 134 140 155 162 183 214 254 279 281 282
10 28 50 52 53 56 79 93 115 118 130 134 151 167 187 190 195 196 198 210 225 280 282
19 43 46 49 89 113 119 130 136 143 173 196 218 230 239 254
11 23 45 59 70 97 99 113 127 131 132 201 220 228 238 249 260 281 286 294
5 38 45 46 63 68 73 74 79 102 107 131 140 177 181 185 186 221 274 286 295
65 78 80 82 125 127 150 172 209 210 220 223 225 229 230 232 241 260
3 17 39 55 64 81 96 98 106 108 118 134 170 204 207 208 210 217 225 248 257 259
37 45 49 57 100 124 126 134 142 182 185 188 248 249 257 271 279 289
10 17 23 31 34 40 51 54 65 68 75 126 149 166 173 203 213 219 246 255 272 282 298
6 10 14 27 43 80 91 100 102 144 175 201 233 270 297
20 58 61 70 79 89 90 107 117 121 128 132 150 152 168 170 189 233 251 273 282 295
7 17 20 28 40 49 60 75 97 125 173 185 228 238 253 256 277 279 298
4 28 40 49 60 67 86 90 96 107 117 119 142 195 197 198 199 205 223 291
45 81 116 120 123 171 184 186 187 189 212 214 222 226 242
23 42 44 66 78 99 148 155 173 188 189 226 228 229 242 256 297
35 48 51 55 59 60 81 84 128 133 135 150 163 206 245 284
3 4 15 19 28 46 47 54 59 63 99 106 131 159 163 165 181 199 206 207 210 237 244 253 278
36 39 63 77 89 106 130 139 144 149 156 216 225 243 284
29 34 51 76 77 97 115 120 122 132 134 143 147 164 167 174 179 201 205 217 218 254 266
8 24 28 55 58 117 124 141 143 146 157 165 166 193 220 232 248 251 256 270 275 286 296
10 11 17 35 43 60 79 87 138 168 180 182 184 204 230 248 258 266 286 290 293 294
14 28 42 46 61 63 72 77 83 95 104 108 124 171 202 236 258 262 263 273 284 299
7 18 52 58 78 93 95 123 130 131 134 159 190 225 234 247 251 261
37 44 51 54 66 77 94 108 114 115 123 152 165 179 203 217 233 236 251 252 254 267 281 299 300
7 31 54 106 107 128 156 165 181 226 243 246 266 269 270 288 295 300
2 32 50 64 102 107 115 119 127 129 139 143 225 228 229 277 279 287 295
30 70 85 92 119 144 165 175 247 252 265 274 284 285 290
14 30 32 36 47 48 52 54 59 98 106 110 113 120 126 131 171 173 206 221 251 294
13 32 66 69 76 113 125 139 153 165 169 172 185 197 218 221 245 287 295
18 41 95 134 135 143 151 162 165 168 213 223 229 276 277 292
3 10 13 18 19 26 27 37 41 115 125 131 132 140 156 159 179 184 199 222 246 266 276 293
21 31 41 46 55 58 61 88 91 170 181 189 191 197 241 260 272 286
21 30 52 63 81 84 118 127 158 186 193 206 212 235 242 299
48 66 81 124 137 140 143 154 157 167 228 235 253 272 295 297
24 52 58 63 65 76 106 125 128 131 141 165 180 204 215 217 229 232 233 241 245 272 276 289 293
